9.9973E-05 0.060482 0.0438036 9.9973E-05 0.277833 0.187089 0.426416 0.000156912 9.9973E-05 0.00391939
0.21921 9.9955E-05 9.9955E-05 9.9955E-05 0.166897 0.164352 0.112327 0.336715 9.9955E-05 9.9955E-05
9.9946E-05 9.9946E-05 0.294804 9.9946E-05 9.9946E-05 9.9946E-05 9.9946E-05 0.117959 0.207239 0.379399
0.12684 9.9964E-05 0.325426 0.105467 9.9964E-05 9.9964E-05 9.9964E-05 0.0778913 0.228326 0.135651
0.00539287 9.9955E-05 0.140424 9.9955E-05 9.9955E-05 0.527108 9.9955E-05 9.9955E-05 0.326274 0.000301788
9.9955E-05 9.9955E-05 0.0471331 9.9955E-05 0.146642 0.551774 0.219187 9.9955E-05 9.9955E-05 0.0347645
9.9946E-05 9.9946E-05 9.9946E-05 0.114071 9.9946E-05 0.17965 0.108113 0.597566 9.9946E-05 9.9946E-05
0.15782 0.16271 9.9946E-05 9.9946E-05 9.9946E-05 9.9946E-05 9.9946E-05 0.671957 9.9946E-05 0.00691368
0.33704 0.316711 0.0479109 9.9973E-05 0.106477 9.9973E-05 0.119758 0.00185556 0.0699475 9.9973E-05
0.0727254 0.115507 9.9964E-05 0.228331 0.222034 9.9964E-05 0.359833 9.9964E-05 9.9964E-05 0.00116948
9.9955E-05 0.334192 9.9955E-05 0.462169 9.9955E-05 9.9955E-05 0.0389385 0.025983 0.138218 9.9955E-05
0.212488 9.9946E-05 9.9946E-05 9.9946E-05 0.162421 9.9946E-05 0.156612 0.467879 9.9946E-05 9.9946E-05
0.276521 0.176699 0.18229 9.9955E-05 9.9955E-05 9.9955E-05 0.282729 9.9955E-05 9.9955E-05 0.0812604
9.9955E-05 9.9955E-05 0.67032 9.9955E-05 0.0837709 9.9955E-05 0.148743 0.0862375 0.0104287 9.9955E-05
9.9937E-05 9.9937E-05 0.0698317 0.78006 9.9937E-05 9.9937E-05 9.9937E-05 9.9937E-05 9.9937E-05 0.149409
0.222483 0.082092 9.9955E-05 0.00135895 9.9955E-05 9.9955E-05 9.9955E-05 0.554917 0.13865 9.9955E-05
9.9955E-05 9.9955E-05 0.0778572 9.9955E-05 0.341652 0.189376 0.243935 0.14668 9.9955E-05 9.9955E-05
0.0221999 9.99371E-05 9.99371E-05 9.99371E-05 9.99371E-05 0.918949 0.0581516 9.99371E-05 9.99371E-05 9.99371E-05
0.375989 9.9955E-05 0.310948 0.174969 9.9955E-05 9.9955E-05 0.135377 9.9955E-05 0.00221686 9.9955E-05
0.243054 9.9964E-05 0.201042 9.9964E-05 9.9964E-05 0.165259 0.0712273 9.9964E-05 0.0923263 0.226691
0.0716196 0.132696 0.105423 0.0404518 0.484941 9.9973E-05 0.0787988 9.9973E-05 9.9973E-05 0.0857698
0.920633 9.9928E-05 9.9928E-05 9.9928E-05 9.9928E-05 9.9928E-05 9.9928E-05 0.0785679 9.9928E-05 9.9928E-05
0.355814 0.271598 9.9946E-05 9.9946E-05 9.9946E-05 9.9946E-05 9.9946E-05 0.277193 0.0947962 9.9946E-05
0.146219 0.0529515 9.9964E-05 0.255442 9.9964E-05 0.0636732 0.453484 0.0278301 9.9964E-05 9.9964E-05
9.9946E-05 9.9946E-05 9.9946E-05 9.9946E-05 0.445408 9.9946E-05 9.9946E-05 0.0843501 0.277785 0.191857
9.9946E-05 0.137556 9.9946E-05 0.275909 9.9946E-05 0.110477 9.9946E-05 0.475459 9.9946E-05 9.9946E-05
9.995E-05 9.995E-05 9.995E-05 0.0804156 9.995E-05 9.995E-05 0.155321 0.157925 0.364919 0.240919
0.0340726 9.9964E-05 0.297967 0.386679 0.0735564 9.9964E-05 0.0242026 9.9964E-05 9.9964E-05 0.183122
0.392971 9.9964E-05 0.248233 0.077512 0.0802398 9.9964E-05 0.135459 9.9964E-05 0.0651847 9.9964E-05
9.9937E-05 9.9937E-05 9.9937E-05 0.0247088 9.9937E-05 0.1847 9.9937E-05 9.9937E-05 9.9937E-05 0.789891
9.9955E-05 0.31728 0.0476496 9.9955E-05 0.259444 0.180992 9.9955E-05 9.9955E-05 0.194135 9.9955E-05
9.9937E-05 9.9937E-05 9.9937E-05 0.10949 9.9937E-05 9.9937E-05 0.515467 9.9937E-05 0.374344 9.9937E-05
0.273551 9.9964E-05 0.305685 9.9964E-05 0.186544 0.0376276 0.185579 9.9964E-05 0.0106135 9.9964E-05
9.9937E-05 0.642922 9.9937E-05 0.313138 0.0432411 9.9937E-05 9.9937E-05 9.9937E-05 9.9937E-05 9.9937E-05
0.293399 9.9955E-05 9.9955E-05 0.14197 0.0233838 9.9955E-05 9.9955E-05 9.9955E-05 0.441637 0.0991102
9.9937E-05 9.9937E-05 0.869486 9.9937E-05 0.0174436 9.9937E-05 9.9937E-05 0.11237 9.9937E-05 9.9937E-05
0.192407 0.0702303 0.493722 9.9964E-05 9.9964E-05 0.000592807 9.9964E-05 9.9964E-05 0.14388 0.0987679
9.9955E-05 0.0706212 0.200591 9.9955E-05 9.9955E-05 0.283399 0.408402 9.9955E-05 9.9955E-05 0.0364873
0.000981879 9.9955E-05 9.9955E-05 9.9955E-05 0.0881576 9.9955E-05 0.519263 0.18994 0.201158 9.9955E-05
0.527822 0.172226 0.128813 9.9946E-05 9.9946E-05 9.9946E-05 0.170538 9.9946E-05 9.9946E-05 9.9946E-05
9.996E-05 0.246254 0.0312214 0.0425783 9.996E-05 0.0209231 9.996E-05 0.149904 9.996E-05 0.508719
9.9937E-05 9.9937E-05 9.9937E-05 9.9937E-05 0.0290134 0.195137 0.77515 9.9937E-05 9.9937E-05 9.9937E-05
9.9946E-05 0.0446322 9.9946E-05 0.482562 0.17368 9.9946E-05 9.9946E-05 9.9946E-05 9.9946E-05 0.298527
9.9937E-05 9.9937E-05 0.463551 9.9937E-05 9.9937E-05 9.9937E-05 9.9937E-05 0.502207 0.0335425 9.9937E-05
0.632298 0.0925945 9.99371E-05 9.99371E-05 9.99371E-05 9.99371E-05 9.99371E-05 0.274408 9.99371E-05 9.99371E-05
9.9964E-05 0.196286 9.9964E-05 0.14602 0.0125722 9.9964E-05 0.0624074 0.356667 0.225648 9.9964E-05
0.279426 9.9928E-05 9.9928E-05 9.9928E-05 0.719774 9.9928E-05 9.9928E-05 9.9928E-05 9.9928E-05 9.9928E-05
9.9946E-05 9.9946E-05 9.9946E-05 0.416675 9.9946E-05 0.0134806 0.465387 9.9946E-05 0.103858 9.9946E-05
0.101488 0.19463 0.252243 9.9964E-05 0.0990424 0.199091 9.9964E-05 0.153106 9.9964E-05 9.9964E-05
0.229349 9.9955E-05 0.160082 9.9955E-05 9.9955E-05 0.064254 0.468065 9.9955E-05 9.9955E-05 0.0777504
9.9937E-05 9.9937E-05 9.9937E-05 0.624711 9.9937E-05 9.9937E-05 0.0818498 0.29274 9.9937E-05 9.9937E-05
0.0427352 0.635652 0.139239 0.0142298 0.167644 9.9955E-05 9.9955E-05 9.9955E-05 9.9955E-05 9.9955E-05
9.9937E-05 9.9937E-05 0.264672 9.9937E-05 9.9937E-05 9.9937E-05 9.9937E-05 0.683318 0.0513113 9.9937E-05
9.9937E-05 0.337337 9.9937E-05 9.9937E-05 9.9937E-05 9.9937E-05 9.9937E-05 0.152684 9.9937E-05 0.50928
0.0051578 9.9946E-05 0.34296 0.334034 9.9946E-05 9.9946E-05 9.9946E-05 9.9946E-05 9.9946E-05 0.317249
0.16312 0.0760885 9.9964E-05 9.9964E-05 0.0100443 0.134105 9.9964E-05 0.353757 0.262485 9.9964E-05
9.9928E-05 9.9928E-05 0.242456 9.9928E-05 0.756745 9.9928E-05 9.9928E-05 9.9928E-05 9.9928E-05 9.9928E-05
0.402756 9.9946E-05 0.0426015 0.493902 0.06014 9.9946E-05 9.9946E-05 9.9946E-05 9.9946E-05 9.9946E-05
0.520567 9.9955E-05 9.9955E-05 9.9955E-05 0.197408 9.9955E-05 0.0049411 0.0972703 9.9955E-05 0.179315
9.9937E-05 9.9937E-05 0.0309433 9.9937E-05 9.9937E-05 0.682969 9.9937E-05 0.285388 9.9937E-05 9.9937E-05
0.229493 9.9937E-05 9.9937E-05 9.9937E-05 0.543221 9.9937E-05 9.9937E-05 9.9937E-05 9.9937E-05 0.226587
0.250412 9.9973E-05 0.110953 0.237822 0.21015 0.0834448 0.062615 9.9973E-05 9.9973E-05 0.0443036
0.176455 0.141365 9.9964E-05 0.162219 9.9964E-05 0.0418544 0.317182 0.160524 9.9964E-05 9.9964E-05
9.9937E-05 9.9937E-05 0.347495 9.9937E-05 9.9937E-05 0.261114 9.9937E-05 9.9937E-05 9.9937E-05 0.390692
0.0562458 9.9964E-05 0.467612 9.9964E-05 9.9964E-05 0.299677 9.9964E-05 0.0238476 0.0274311 0.124787
0.153715 0.0806196 9.9946E-05 9.9946E-05 9.9946E-05 0.350897 9.9946E-05 0.414169 9.9946E-05 9.9946E-05
0.114575 0.0615272 0.534238 0.117072 0.0278713 0.00731536 9.9973E-05 9.9973E-05 9.9973E-05 0.137102
9.9955E-05 9.9955E-05 0.490246 0.025352 0.2247 9.9955E-05 9.9955E-05 0.246806 0.012396 9.9955E-05
0.379161 0.156612 9.9973E-05 0.0857279 9.9973E-05 9.9973E-05 0.13152 0.133555 0.0273888 0.0857348
9.9928E-05 0.796853 9.9928E-05 9.9928E-05 9.9928E-05 9.9928E-05 9.9928E-05 0.202347 9.9928E-05 9.9928E-05
9.9955E-05 0.138981 0.342402 9.9955E-05 9.9955E-05 9.9955E-05 0.434283 0.00506786 0.0787662 9.9955E-05
9.9955E-05 9.9955E-05 9.9955E-05 9.9955E-05 0.0973739 0.358689 0.0322269 0.368109 9.9955E-05 0.143101
0.214572 9.99652E-05 0.184663 9.99652E-05 9.99652E-05 0.148071 0.173945 0.278248 9.99652E-05 9.99652E-05
0.4234 9.9964E-05 0.209966 0.0433433 9.9964E-05 9.9964E-05 9.9964E-05 0.225175 0.0132435 0.0844731
9.9955E-05 9.9955E-05 0.155227 9.9955E-05 9.9955E-05 0.0772677 0.281947 9.9955E-05 0.08916 0.395899
9.9946E-05 0.100656 9.9946E-05 0.238931 0.0442109 9.9946E-05 0.615602 9.9946E-05 9.9946E-05 9.9946E-05
9.9964E-05 0.10806 0.226902 0.100791 0.274229 9.9964E-05 9.9964E-05 9.9964E-05 0.0773795 0.212238
0.092641 9.99551E-05 9.99551E-05 9.99551E-05 0.302112 9.99551E-05 0.2919 0.24158 0.071267 9.99551E-05
0.327073 9.9955E-05 0.123414 0.0317056 9.9955E-05 9.9955E-05 0.51546 0.00184681 9.9955E-05 9.9955E-05
0.124341 0.0962717 9.9964E-05 0.347482 9.9964E-05 9.9964E-05 0.212097 0.102767 0.11664 9.9964E-05
0.0855876 9.9964E-05 9.9964E-05 0.100594 0.0776891 0.554554 0.11841 0.0627652 9.9964E-05 9.9964E-05
9.9964E-05 0.303654 0.0610798 9.9964E-05 9.9964E-05 0.0740736 0.0753152 9.9964E-05 0.362998 0.122479
9.9964E-05 0.262183 9.9964E-05 0.164982 0.254301 0.139134 0.085511 9.9964E-05 0.093489 9.9964E-05
0.0640435 9.9955E-05 9.9955E-05 0.467329 9.9955E-05 0.0991865 9.9955E-05 0.0651296 9.9955E-05 0.303812
0.0284513 9.9946E-05 0.237777 9.9946E-05 9.9946E-05 9.9946E-05 9.9946E-05 0.0293557 0.703816 9.9946E-05
9.9937E-05 9.9937E-05 9.9937E-05 0.292393 0.361105 9.9937E-05 9.9937E-05 9.9937E-05 0.345803 9.9937E-05
0.139591 0.61524 9.99461E-05 9.99461E-05 0.0395027 0.205066 9.99461E-05 9.99461E-05 9.99461E-05 9.99461E-05
9.9955E-05 0.219507 9.9955E-05 0.00751362 0.154709 9.9955E-05 9.9955E-05 0.449881 9.9955E-05 0.167889
0.0272356 0.0196414 0.0816979 9.9982E-05 0.0425361 0.0954521 0.476717 9.9982E-05 0.212991 0.0435285
0.204286 0.0382248 0.000562727 0.275727 9.9973E-05 9.9973E-05 9.9973E-05 0.373329 0.0141944 0.0933764
0.0356673 0.297864 9.9964E-05 9.9964E-05 9.9964E-05 0.401072 0.0500797 0.156269 9.9964E-05 0.0586477
0.160827 0.224635 9.9955E-05 0.522769 9.9955E-05 0.0778638 9.9955E-05 0.0134062 9.9955E-05 9.9955E-05
0.240364 9.9937E-05 9.9937E-05 0.0950031 0.663933 9.9937E-05 9.9937E-05 9.9937E-05 9.9937E-05 9.9937E-05
0.1218 9.9955E-05 0.0406125 0.0570705 9.9955E-05 9.9955E-05 0.71187 9.9955E-05 9.9955E-05 0.0681473
0.196768 0.187982 0.377757 9.9946E-05 9.9946E-05 0.236893 9.9946E-05 9.9946E-05 9.9946E-05 9.9946E-05
9.9946E-05 9.9946E-05 9.9946E-05 9.9946E-05 0.43418 9.9946E-05 0.0429232 9.9946E-05 0.161089 0.361209
9.9937E-05 0.11307 9.9937E-05 9.9937E-05 9.9937E-05 9.9937E-05 0.7722 0.11403 9.9937E-05 9.9937E-05
0.19175 9.9946E-05 9.9946E-05 0.54185 0.0747623 9.9946E-05 9.9946E-05 0.191038 9.9946E-05 9.9946E-05
0.122175 9.9955E-05 9.9955E-05 9.9955E-05 0.0981646 0.0366073 0.433535 9.9955E-05 9.9955E-05 0.309018
9.9955E-05 9.9955E-05 9.9955E-05 9.9955E-05 9.9955E-05 0.129011 0.631512 0.0495171 0.10875 0.0807096
9.99201E-05 9.99201E-05 9.99201E-05 9.99201E-05 9.99201E-05 9.99201E-05 9.99201E-05 9.99201E-05 0.999101 9.99201E-05
0.183435 0.110802 9.9982E-05 0.112561 0.187059 0.0660047 0.0878858 9.9982E-05 0.105729 0.146324
9.9946E-05 9.9946E-05 9.9946E-05 0.24816 0.11231 0.434641 0.204288 9.9946E-05 9.9946E-05 9.9946E-05
0.0480465 9.99551E-05 0.116194 9.99551E-05 9.99551E-05 0.125591 9.99551E-05 0.0252181 9.99551E-05 0.684451
0.106228 0.237857 0.0406065 9.994E-05 0.614709 9.994E-05 9.994E-05 9.994E-05 9.994E-05 9.994E-05
9.9946E-05 0.318611 0.0205024 9.9946E-05 0.32371 9.9946E-05 9.9946E-05 9.9946E-05 0.336577 9.9946E-05
0.139473 0.00433798 0.46114 0.0113077 9.9964E-05 0.348939 9.9964E-05 9.9964E-05 0.0344026 9.9964E-05
9.9955E-05 9.9955E-05 0.0719438 9.9955E-05 0.178794 0.191096 9.9955E-05 9.9955E-05 0.23476 0.322907
9.9955E-05 9.9955E-05 9.9955E-05 0.301901 9.9955E-05 0.358819 0.172578 9.9955E-05 0.0569135 0.109289
0.186646 9.996E-05 0.069969 0.205071 9.996E-05 0.128375 0.200532 9.996E-05 0.209007 9.996E-05
0.34991 9.9955E-05 9.9955E-05 9.9955E-05 9.9955E-05 9.9955E-05 0.116241 0.0182109 0.429518 0.0856214
9.9955E-05 0.130875 0.0100356 9.9955E-05 0.0738266 9.9955E-05 9.9955E-05 0.165025 0.619738 9.9955E-05
9.9937E-05 9.9937E-05 0.35805 0.200422 9.9937E-05 9.9937E-05 9.9937E-05 9.9937E-05 9.9937E-05 0.440828
9.9955E-05 9.9955E-05 0.417626 9.9955E-05 9.9955E-05 0.0356002 9.9955E-05 0.301237 0.0103827 0.234654
0.463691 9.9937E-05 9.9937E-05 0.379396 9.9937E-05 0.156213 9.9937E-05 9.9937E-05 9.9937E-05 9.9937E-05
9.9937E-05 0.335507 0.228679 9.9937E-05 9.9937E-05 9.9937E-05 9.9937E-05 0.435114 9.9937E-05 9.9937E-05
0.474357 9.9937E-05 9.9937E-05 9.9937E-05 9.9937E-05 0.240693 9.9937E-05 9.9937E-05 0.28425 9.9937E-05
9.9946E-05 9.9946E-05 9.9946E-05 0.374588 9.9946E-05 0.287013 9.9946E-05 9.9946E-05 0.178377 0.159423
9.9937E-05 0.227191 9.9937E-05 0.499839 9.9937E-05 9.9937E-05 9.9937E-05 9.9937E-05 0.272271 9.9937E-05
0.0434822 9.9964E-05 0.282097 0.194696 0.120999 9.9964E-05 0.275978 9.9964E-05 9.9964E-05 0.0823471
9.9946E-05 0.185898 0.13212 0.315427 9.9946E-05 0.365955 9.9946E-05 9.9946E-05 9.9946E-05 9.9946E-05
9.9946E-05 0.199259 9.9946E-05 9.9946E-05 9.9946E-05 9.9946E-05 9.9946E-05 0.0127278 0.315177 0.472237
0.0739179 0.328539 0.225116 9.9964E-05 0.206448 0.155249 9.9964E-05 0.0103301 9.9964E-05 9.9964E-05
0.000580852 9.9973E-05 9.9973E-05 9.9973E-05 0.219344 0.42948 0.000225486 0.139499 0.188016 0.0225543
0.760513 9.9937E-05 9.9937E-05 9.9937E-05 9.9937E-05 9.9937E-05 0.209679 0.0291091 9.9937E-05 9.9937E-05
0.335795 9.9964E-05 0.114959 0.00172206 0.0949861 9.9964E-05 9.9964E-05 9.9964E-05 0.361281 0.0908573
9.9955E-05 0.00330672 9.9955E-05 0.415643 9.9955E-05 9.9955E-05 0.0946942 9.9955E-05 0.362389 0.123467
0.364584 0.220112 9.996E-05 9.996E-05 0.17493 0.0584436 0.162462 9.996E-05 9.996E-05 0.0190685
9.9964E-05 0.168245 0.177951 0.279079 9.9964E-05 9.9964E-05 9.9964E-05 0.18586 0.0483374 0.140127
0.203005 9.9955E-05 9.9955E-05 9.9955E-05 0.405044 0.180755 9.9955E-05 0.161443 0.0492528 9.9955E-05
9.9946E-05 9.9946E-05 9.9946E-05 9.9946E-05 0.136948 0.418725 9.9946E-05 0.0521182 0.39161 9.9946E-05
9.9946E-05 0.280463 9.9946E-05 9.9946E-05 9.9946E-05 0.328872 0.217999 0.172067 9.9946E-05 9.9946E-05
9.9946E-05 0.099729 9.9946E-05 0.2053 9.9946E-05 9.9946E-05 0.161256 9.9946E-05 0.533116 9.9946E-05
0.0604509 0.240588 9.9964E-05 9.9964E-05 0.167608 9.9964E-05 0.0794334 0.231759 0.219761 9.9964E-05
0.00525557 9.9964E-05 9.9964E-05 0.427163 9.9964E-05 0.0609366 0.0436295 0.459687 0.00292864 9.9964E-05
0.207467 0.0338846 0.245105 0.379994 0.132232 9.9964E-05 0.000918594 9.9964E-05 9.9964E-05 9.9964E-05
0.125807 0.235126 9.9946E-05 9.9946E-05 9.9946E-05 0.32446 9.9946E-05 9.9946E-05 9.9946E-05 0.314009
9.9946E-05 0.382517 0.102266 0.235325 9.9946E-05 0.279292 9.9946E-05 9.9946E-05 9.9946E-05 9.9946E-05
9.9946E-05 9.9946E-05 0.0311997 0.0415907 0.419169 9.9946E-05 9.9946E-05 0.507441 9.9946E-05 9.9946E-05
9.9937E-05 9.9937E-05 9.9937E-05 9.9937E-05 0.796167 0.200416 9.9937E-05 0.00271768 9.9937E-05 9.9937E-05
9.9964E-05 0.394286 0.297156 0.0165971 0.0993029 9.9964E-05 0.0886178 0.103641 9.9964E-05 9.9964E-05
9.9964E-05 0.0109319 0.0795164 9.9964E-05 9.9964E-05 9.9964E-05 0.196907 0.00352552 0.507388 0.201331
9.9946E-05 9.9946E-05 0.035685 9.9946E-05 0.478373 9.9946E-05 9.9946E-05 0.456428 9.9946E-05 0.0289139
0.343589 0.0990647 9.9973E-05 9.9973E-05 0.281656 0.0645939 9.9973E-05 0.0249708 0.0778011 0.108024
0.0412524 0.402517 0.0442163 0.281092 9.9964E-05 0.0354021 9.9964E-05 0.19512 9.9964E-05 9.9964E-05
0.0564791 9.9964E-05 0.50419 0.126603 0.286828 0.020084 9.9964E-05 9.9964E-05 9.9964E-05 0.00541537
0.34759 9.9964E-05 0.0698684 9.9964E-05 0.364258 0.148272 9.9964E-05 9.9964E-05 0.00339517 0.0662167
9.9946E-05 9.9946E-05 9.9946E-05 9.9946E-05 9.9946E-05 0.108608 0.399728 0.000368531 9.9946E-05 0.490696
0.287284 0.152571 9.9955E-05 9.9955E-05 0.151818 0.0910636 9.9955E-05 9.9955E-05 9.9955E-05 0.316764
9.9946E-05 9.9946E-05 9.9946E-05 9.9946E-05 9.9946E-05 0.315225 0.00273357 9.9946E-05 0.217205 0.464237
0.0717308 9.9955E-05 9.9955E-05 0.464027 9.9955E-05 0.124772 9.9955E-05 0.152681 9.9955E-05 0.186289
0.150569 9.9955E-05 0.0878658 9.9955E-05 0.276303 9.9955E-05 0.0506312 9.9955E-05 9.9955E-05 0.434132
9.9937E-05 9.9937E-05 0.251319 9.9937E-05 9.9937E-05 0.571679 9.9937E-05 9.9937E-05 0.176302 9.9937E-05
9.9973E-05 0.0693343 0.305397 0.00751939 0.142061 9.9973E-05 0.209206 0.0634179 0.202764 9.9973E-05
0.301102 9.9946E-05 0.331998 0.27305 9.9946E-05 9.9946E-05 9.9946E-05 0.0932497 9.9946E-05 9.9946E-05
9.9955E-05 0.0509834 0.0510998 0.632908 0.0437458 9.9955E-05 9.9955E-05 9.9955E-05 9.9955E-05 0.220763
9.9946E-05 9.9946E-05 0.0977847 0.737344 0.070867 9.9946E-05 9.9946E-05 9.9946E-05 0.0934046 9.9946E-05
9.9964E-05 0.187364 0.074251 0.274435 0.238591 9.9964E-05 9.9964E-05 0.186291 0.0386685 9.9964E-05
0.25224 0.443217 0.0450291 0.232423 9.9973E-05 0.00584468 9.9973E-05 0.018234 9.9973E-05 0.00271234
0.216267 0.0453429 9.9946E-05 9.9946E-05 9.9946E-05 9.9946E-05 9.9946E-05 0.028784 0.709007 9.9946E-05
9.9955E-05 9.9955E-05 9.9955E-05 0.125595 9.9955E-05 0.146316 9.9955E-05 0.621427 0.104096 0.00206605
9.9946E-05 0.0314989 9.9946E-05 0.158679 9.9946E-05 0.706982 9.9946E-05 0.10224 9.9946E-05 9.9946E-05
0.000112155 9.9955E-05 9.9955E-05 9.9955E-05 9.9955E-05 0.145794 0.0127939 0.518628 9.9955E-05 0.322171
9.9955E-05 0.0833026 9.9955E-05 0.509711 9.9955E-05 0.0239709 9.9955E-05 9.9955E-05 0.16679 0.215726
9.9937E-05 9.9937E-05 9.9937E-05 9.9937E-05 9.9937E-05 9.9937E-05 0.0300714 0.339251 9.9937E-05 0.629978
0.354558 0.0506389 0.00951931 9.9964E-05 9.9964E-05 0.199415 0.00656359 9.9964E-05 0.378905 9.9964E-05
0.113374 0.157139 0.0555873 9.9964E-05 9.9964E-05 0.252431 9.9964E-05 0.331867 0.089202 9.9964E-05
0.042655 0.446407 9.9955E-05 9.9955E-05 0.0467614 9.9955E-05 9.9955E-05 0.305759 0.157918 9.9955E-05
9.9955E-05 0.294639 0.0178885 0.01298 9.9955E-05 9.9955E-05 9.9955E-05 0.451265 0.222728 9.9955E-05
0.19081 9.9964E-05 0.0384233 9.9964E-05 9.9964E-05 0.00496198 0.00198219 0.0156507 9.9964E-05 0.747772
0.260796 0.102529 9.9955E-05 0.107617 9.9955E-05 9.9955E-05 9.9955E-05 0.522081 9.9955E-05 0.00647773
0.136104 9.9937E-05 9.9937E-05 9.9937E-05 0.214111 9.9937E-05 9.9937E-05 0.649086 9.9937E-05 9.9937E-05
0.189367 9.9955E-05 0.365821 0.339444 9.9955E-05 9.9955E-05 0.047121 9.9955E-05 9.9955E-05 0.0577479
9.9955E-05 0.469368 0.165549 0.169556 9.9955E-05 9.9955E-05 0.0456571 9.9955E-05 9.9955E-05 0.14937
0.0953638 0.0718543 0.397454 9.9964E-05 0.115768 9.9964E-05 0.136604 0.182557 9.9964E-05 9.9964E-05
0.246616 0.0199475 0.116787 9.9973E-05 9.9973E-05 0.0511367 9.9973E-05 0.324996 0.136829 0.103388
9.9946E-05 9.9946E-05 9.9946E-05 9.9946E-05 0.328815 0.117404 0.382675 0.170507 9.9946E-05 9.9946E-05
9.9937E-05 9.9937E-05 9.9937E-05 9.9937E-05 9.9937E-05 0.175258 9.9937E-05 9.9937E-05 0.60515 0.218892
9.9937E-05 0.00253746 9.9937E-05 9.9937E-05 0.527401 9.9937E-05 9.9937E-05 9.9937E-05 9.9937E-05 0.469362
9.9946E-05 9.9946E-05 0.417835 0.295959 9.9946E-05 0.0419366 9.9946E-05 9.9946E-05 9.9946E-05 0.243669
0.0429494 9.99758E-05 9.99758E-05 0.0219136 0.184919 9.99758E-05 0.143186 0.0850578 0.353671 0.168004
9.9946E-05 9.9946E-05 9.9946E-05 9.9946E-05 9.9946E-05 0.158098 0.512436 0.278812 9.9946E-05 0.0500539
9.9955E-05 0.433866 0.0605772 0.0132771 0.0849076 9.9955E-05 9.9955E-05 9.9955E-05 9.9955E-05 0.406872
9.9955E-05 0.0529064 0.593554 0.0749436 0.100505 9.9955E-05 0.177591 9.9955E-05 9.9955E-05 9.9955E-05
9.9955E-05 0.087694 9.9955E-05 0.0787713 0.250932 9.9955E-05 9.9955E-05 9.9955E-05 0.302353 0.27975
0.403072 0.251845 9.9964E-05 0.00700423 9.9964E-05 9.9964E-05 0.197668 9.9964E-05 0.121162 0.0188479
9.9973E-05 9.9973E-05 0.14964 0.150424 0.490676 0.024762 9.9973E-05 0.0215274 0.00897838 0.153692
9.9955E-05 9.9955E-05 0.332355 9.9955E-05 0.137799 0.191058 0.256956 9.9955E-05 0.0813324 9.9955E-05
9.9946E-05 0.237123 9.9946E-05 0.0631518 0.512879 9.9946E-05 9.9946E-05 9.9946E-05 9.9946E-05 0.186246
0.341501 0.114281 9.9946E-05 9.9946E-05 0.125058 9.9946E-05 9.9946E-05 9.9946E-05 9.9946E-05 0.41856
9.9946E-05 0.0437372 0.210963 9.9946E-05 9.9946E-05 9.9946E-05 0.510148 0.234552 9.9946E-05 9.9946E-05
9.9946E-05 0.15433 9.9946E-05 0.284285 0.183114 0.377671 9.9946E-05 9.9946E-05 9.9946E-05 9.9946E-05
9.9964E-05 9.9964E-05 9.9964E-05 9.9964E-05 0.0840859 0.0527066 0.0775572 0.185461 0.403709 0.196081
9.9946E-05 9.9946E-05 9.9946E-05 0.314294 9.9946E-05 0.212792 0.288413 0.183902 9.9946E-05 9.9946E-05
9.9946E-05 9.9946E-05 0.487379 9.9946E-05 9.9946E-05 0.00965588 9.9946E-05 0.126187 9.9946E-05 0.376178
0.325946 9.996E-05 0.10108 9.996E-05 9.996E-05 0.137366 0.13256 9.996E-05 0.070673 0.231976
9.9946E-05 9.9946E-05 0.0161159 0.431688 9.9946E-05 0.227483 9.9946E-05 9.9946E-05 0.324113 9.9946E-05
9.9955E-05 0.0902598 0.332828 9.9955E-05 0.373889 9.9955E-05 0.00125105 0.201272 9.9955E-05 9.9955E-05
9.9946E-05 9.9946E-05 0.0662298 9.9946E-05 9.9946E-05 0.242454 9.9946E-05 0.609666 0.0810509 9.9946E-05
9.9946E-05 0.46458 9.9946E-05 0.440712 9.9946E-05 9.9946E-05 0.00849553 9.9946E-05 0.0856125 9.9946E-05
0.069532 9.9955E-05 9.9955E-05 0.115188 0.122226 0.368802 9.9955E-05 9.9955E-05 9.9955E-05 0.323752
0.0528076 0.579196 0.140869 9.9955E-05 9.9955E-05 9.9955E-05 0.0937467 0.13288 9.9955E-05 9.9955E-05
0.0361383 0.224987 0.341695 9.9973E-05 9.9973E-05 0.00343884 0.0688422 0.321721 9.9973E-05 0.00287803
9.9955E-05 0.382897 9.9955E-05 0.081968 9.9955E-05 0.325195 0.207588 9.9955E-05 0.00185197 9.9955E-05
0.588471 9.9946E-05 9.9946E-05 9.9946E-05 9.9946E-05 0.0503395 9.9946E-05 0.151812 9.9946E-05 0.208778
9.9955E-05 9.9955E-05 0.123479 0.299927 9.9955E-05 0.0288042 9.9955E-05 0.0889437 9.9955E-05 0.458346
0.70156 0.188427 0.109313 9.9937E-05 9.9937E-05 9.9937E-05 9.9937E-05 9.9937E-05 9.9937E-05 9.9937E-05
0.22142 9.9946E-05 9.9946E-05 9.9946E-05 9.9946E-05 0.00739559 0.0884182 9.9946E-05 9.9946E-05 0.682166
9.9946E-05 0.215563 0.55159 9.9946E-05 0.107679 9.9946E-05 9.9946E-05 0.124567 9.9946E-05 9.9946E-05
9.9955E-05 9.9955E-05 0.441823 0.174879 0.051005 0.329904 9.9955E-05 0.00188924 9.9955E-05 9.9955E-05
0.0305829 0.668544 9.9946E-05 9.9946E-05 9.9946E-05 0.242745 9.9946E-05 9.9946E-05 9.9946E-05 0.0575281
0.0357968 9.9982E-05 0.28606 0.0788045 0.0921484 0.156986 9.9982E-05 0.0530443 0.203598 0.0933617
9.9973E-05 0.108649 0.354037 0.0355284 9.9973E-05 0.0262836 0.0807703 0.210845 0.183586 9.9973E-05
9.9955E-05 9.9955E-05 0.12357 0.469324 0.0993137 9.9955E-05 9.9955E-05 0.0292315 9.9955E-05 0.278061
9.9955E-05 0.309902 0.0646894 0.146324 9.9955E-05 9.9955E-05 0.366536 9.9955E-05 0.112048 9.9955E-05
9.9973E-05 9.9973E-05 0.0540018 0.0402072 0.511416 9.9973E-05 0.172626 0.0725676 0.00101878 0.147863
0.307586 9.9955E-05 9.9955E-05 0.164785 0.000873908 9.9955E-05 9.9955E-05 0.0684571 9.9955E-05 0.457799
9.9964E-05 0.119111 0.175192 0.215143 0.106447 0.377973 0.00573352 9.9964E-05 9.9964E-05 9.9964E-05
0.307443 9.9964E-05 9.9964E-05 0.237007 0.132173 9.9964E-05 9.9964E-05 0.192397 0.0855933 0.0449865
9.9955E-05 0.25713 9.9955E-05 9.9955E-05 9.9955E-05 0.280641 0.363113 0.0979965 9.9955E-05 0.000619796
0.021284 0.379626 9.9946E-05 9.9946E-05 9.9946E-05 0.582448 9.9946E-05 9.9946E-05 0.0160428 9.9946E-05
9.9928E-05 9.9928E-05 9.9928E-05 9.9928E-05 9.9928E-05 0.510532 9.9928E-05 0.488668 9.9928E-05 9.9928E-05
0.0384548 9.9955E-05 9.9955E-05 9.9955E-05 0.268154 9.9955E-05 0.116011 0.280749 9.9955E-05 0.296131
0.368657 0.205308 9.9946E-05 9.9946E-05 9.9946E-05 9.9946E-05 9.9946E-05 0.0169877 9.9946E-05 0.408448
0.0987803 0.000500064 9.9964E-05 0.194493 9.9964E-05 0.0216604 0.645348 9.9964E-05 0.0388183 9.9964E-05
9.9937E-05 9.9937E-05 0.428497 9.9937E-05 9.9937E-05 0.459524 9.9937E-05 9.9937E-05 9.9937E-05 0.11128
9.9937E-05 9.9937E-05 9.9937E-05 9.9937E-05 0.426065 9.9937E-05 0.39789 9.9937E-05 9.9937E-05 0.175346
9.9937E-05 0.135752 0.736984 9.9937E-05 9.9937E-05 9.9937E-05 9.9937E-05 9.9937E-05 9.9937E-05 0.126565
0.202672 0.0697157 9.9955E-05 9.9955E-05 0.195291 9.9955E-05 9.9955E-05 0.141469 0.390352 9.9955E-05
9.9973E-05 0.472006 0.0672101 0.0322226 9.9973E-05 0.010557 0.000846363 0.0377136 9.9973E-05 0.379144
9.9964E-05 9.9964E-05 0.175562 0.173451 0.377132 0.150646 0.0296461 0.0931626 9.9964E-05 9.9964E-05
9.9946E-05 0.684319 9.9946E-05 9.9946E-05 9.9946E-05 9.9946E-05 0.0531815 9.9946E-05 0.0399833 0.221916
9.9964E-05 0.288526 0.0704603 0.0181431 0.120035 9.9964E-05 9.9964E-05 9.9964E-05 0.318028 0.184407
0.0129454 0.0131382 0.0496808 0.140287 0.22027 9.9964E-05 9.9964E-05 9.9964E-05 0.563279 9.9964E-05
9.9955E-05 0.00805197 0.469962 0.253469 9.9955E-05 9.9955E-05 0.108544 0.159472 9.9955E-05 9.9955E-05
0.400632 9.9937E-05 9.9937E-05 9.9937E-05 9.9937E-05 0.587392 9.9937E-05 9.9937E-05 0.0112756 9.9937E-05
0.076659 0.593791 9.9964E-05 9.9964E-05 0.0423941 0.239288 0.00250708 9.9964E-05 0.0449604 9.9964E-05
9.9964E-05 9.9964E-05 9.9964E-05 0.00609963 0.383802 0.45417 9.9964E-05 0.0500393 0.0165091 0.0889804
9.9946E-05 9.9946E-05 9.9946E-05 0.0652437 9.9946E-05 9.9946E-05 0.0809226 9.9946E-05 0.348287 0.504947
9.9937E-05 9.9937E-05 0.226457 0.43268 9.9937E-05 9.9937E-05 9.9937E-05 9.9937E-05 0.340163 9.9937E-05
0.342227 9.9955E-05 9.9955E-05 9.9955E-05 0.0326913 9.9955E-05 0.293327 0.125091 0.206164 9.9955E-05
0.0300599 9.9955E-05 9.9955E-05 0.240243 0.417344 9.9955E-05 9.9955E-05 0.133513 0.17834 9.9955E-05
0.428228 9.9955E-05 0.114262 0.207534 9.9955E-05 9.9955E-05 9.9955E-05 9.9955E-05 0.0531008 0.196375
9.9955E-05 0.280537 9.9955E-05 9.9955E-05 0.20992 0.0653123 0.114142 9.9955E-05 0.329589 9.9955E-05
9.9955E-05 0.375903 9.9955E-05 0.0985125 0.0379221 9.9955E-05 0.433602 9.9955E-05 9.9955E-05 0.0535608
0.433814 9.9955E-05 0.503743 9.9955E-05 9.9955E-05 0.0354924 9.9955E-05 0.00567953 0.0207719 9.9955E-05
9.9955E-05 0.445642 0.0293936 9.9955E-05 0.0578214 0.436092 9.9955E-05 9.9955E-05 9.9955E-05 0.0305504
0.0608041 9.9955E-05 9.9955E-05 9.9955E-05 0.131222 0.25221 9.9955E-05 0.0708901 0.484374 9.9955E-05
0.161187 0.24746 0.392851 0.0263027 9.9964E-05 0.0956232 9.9964E-05 9.9964E-05 9.9964E-05 0.0761757
9.9946E-05 9.9946E-05 0.502165 9.9946E-05 0.0898164 9.9946E-05 0.130355 9.9946E-05 0.277064 9.9946E-05
