9.9973E-05 9.9973E-05 0.410382 0.178655 0.259752 0.121619 9.9973E-05 0.027604 0.00168735
0.0373827 9.9955E-05 9.9955E-05 9.9955E-05 0.218202 9.9955E-05 9.9955E-05 0.578239 0.165677
0.245124 0.122898 9.9955E-05 9.9955E-05 0.503077 9.9955E-05 0.128401 9.9955E-05 9.9955E-05
9.99461E-05 0.448363 0.117638 9.99461E-05 9.99461E-05 9.99461E-05 0.433399 9.99461E-05 9.99461E-05
0.397306 0.0646917 0.095517 0.0452216 9.9973E-05 9.9973E-05 9.9973E-05 0.128822 0.268142
0.00263631 0.317997 0.159229 0.0685565 0.0949415 0.0862684 0.113001 9.9991E-05 0.157271
9.9946E-05 0.0629987 9.9946E-05 9.9946E-05 0.174925 0.761477 9.9946E-05 9.9946E-05 9.9946E-05
9.9973E-05 9.9973E-05 9.9973E-05 0.161988 0.301742 0.0205726 0.0156292 0.0315822 0.468186
9.9973E-05 0.11276 0.191232 9.9973E-05 0.0820749 0.380655 9.9973E-05 0.0112607 0.221718
0.138724 0.105455 0.034994 0.305015 0.224349 9.9973E-05 0.191163 9.9973E-05 9.9973E-05
0.161383 9.9964E-05 0.162003 9.9964E-05 0.113907 0.506594 0.0557136 9.9964E-05 9.9964E-05
0.0556624 0.0265848 0.0302274 0.163018 0.44196 0.282248 9.9973E-05 9.9973E-05 9.9973E-05
9.9973E-05 0.0478248 9.9973E-05 0.0396363 0.421102 0.270433 0.0109821 0.209723 9.9973E-05
0.373033 0.418193 0.11028 9.9964E-05 9.9964E-05 9.9964E-05 0.0207455 0.0773478 9.9964E-05
9.9973E-05 0.188831 0.0513997 0.0202738 0.370368 9.9973E-05 0.352947 9.9973E-05 0.0158799
0.260361 0.162035 9.9964E-05 0.0925207 0.423868 0.0608151 9.9964E-05 9.9964E-05 9.9964E-05
0.393579 0.375817 9.9955E-05 0.134201 9.9955E-05 9.9955E-05 9.9955E-05 0.0959032 9.9955E-05
0.211911 0.179736 9.9964E-05 9.9964E-05 0.0152961 9.9964E-05 0.447135 9.9964E-05 0.145521
9.9946E-05 0.207021 9.9946E-05 9.9946E-05 0.566097 0.226283 9.9946E-05 9.9946E-05 9.9946E-05
0.152587 0.123071 0.345846 9.9973E-05 0.238317 9.9973E-05 0.0255648 9.9973E-05 0.114314
9.9955E-05 0.155327 0.168357 9.9955E-05 9.9955E-05 9.9955E-05 9.9955E-05 0.0449937 0.630822
9.9946E-05 0.0685845 0.896915 9.9946E-05 9.9946E-05 9.9946E-05 9.9946E-05 9.9946E-05 0.0339004
0.000485367 0.216378 9.9982E-05 0.159789 0.00141833 0.118395 9.9982E-05 0.30757 0.195765
0.450024 0.0388855 9.9955E-05 9.9955E-05 9.9955E-05 0.0664935 9.9955E-05 9.9955E-05 0.444097
0.300224 9.9964E-05 0.328934 0.0120929 9.9964E-05 9.9964E-05 9.9964E-05 0.178432 0.179917
0.125852 9.9964E-05 0.406922 0.00963606 9.9964E-05 0.221812 0.235378 9.9964E-05 9.9964E-05
9.9955E-05 0.460413 9.9955E-05 9.9955E-05 9.9955E-05 0.412324 0.0594631 9.9955E-05 0.0672999
0.325371 9.9955E-05 9.9955E-05 0.264224 9.9955E-05 0.232328 9.9955E-05 0.177577 9.9955E-05
0.523455 9.9964E-05 0.0153261 9.9964E-05 9.9964E-05 9.9964E-05 0.214534 0.000314662 0.24597
9.9955E-05 9.9955E-05 9.9955E-05 0.0755189 0.0325075 0.569288 9.9955E-05 9.9955E-05 0.322186
0.491312 0.017997 0.48611 9.9955E-05 9.9955E-05 0.00408174 9.9955E-05 9.9955E-05 9.9955E-05
0.0251684 9.9946E-05 0.130029 0.844202 9.9946E-05 9.9946E-05 9.9946E-05 9.9946E-05 9.9946E-05
0.322661 0.562101 9.9955E-05 9.9955E-05 0.0678557 9.9955E-05 0.0468829 9.9955E-05 9.9955E-05
0.195036 0.465769 0.196074 0.0165085 9.9964E-05 0.126213 9.9964E-05 9.9964E-05 9.9964E-05
0.25518 9.9964E-05 9.9964E-05 9.9964E-05 0.110391 0.318584 9.9964E-05 0.201954 0.113492
9.9964E-05 0.0856903 9.9964E-05 9.9964E-05 0.0151966 0.28352 0.336459 0.278735 9.9964E-05
9.9964E-05 9.9964E-05 0.0675217 0.436761 9.9964E-05 0.294855 0.0960971 0.104365 9.9964E-05
0.198638 9.9973E-05 0.2473 0.254932 0.0161163 9.9973E-05 0.0126045 0.270109 9.9973E-05
9.9964E-05 0.180411 0.21929 0.00602198 9.9964E-05 9.9964E-05 0.205386 0.388491 9.9964E-05
0.110566 0.169092 0.26247 9.9982E-05 0.168171 0.0699572 0.109229 0.110314 9.9982E-05
9.9955E-05 0.1938 9.9955E-05 9.9955E-05 0.0356545 9.9955E-05 0.6371 9.9955E-05 0.132946
9.9964E-05 9.9964E-05 0.0188665 0.083941 0.403542 9.9964E-05 9.9964E-05 0.00116743 0.492083
0.208102 9.9964E-05 0.0846845 0.00252669 0.328374 9.9964E-05 9.9964E-05 0.375913 9.9964E-05
0.372622 9.9964E-05 9.9964E-05 0.182817 0.156846 0.202279 9.9964E-05 9.9964E-05 0.0850364
9.9955E-05 9.9955E-05 9.9955E-05 0.268314 9.9955E-05 9.9955E-05 0.148636 0.516616 0.0659337
0.0658521 0.0234098 9.9973E-05 0.132227 9.9973E-05 0.0970259 0.00890347 0.672282 9.9973E-05
9.9964E-05 0.0923613 0.266857 9.9964E-05 9.9964E-05 0.00012086 0.57613 9.9964E-05 0.0641304
9.9946E-05 0.380785 9.9946E-05 0.119672 9.9946E-05 9.9946E-05 9.9946E-05 9.9946E-05 0.498943
0.370281 9.9964E-05 0.240011 0.0741908 9.9964E-05 0.0956727 9.9964E-05 9.9964E-05 0.219445
9.9946E-05 9.9946E-05 0.200503 9.9946E-05 0.737292 9.9946E-05 9.9946E-05 0.0616049 9.9946E-05
0.232011 9.9964E-05 0.249475 0.000333383 0.17229 9.9964E-05 9.9964E-05 0.34549 9.9964E-05
9.9964E-05 0.306772 0.117138 9.9964E-05 0.148727 9.9964E-05 0.00352696 9.9964E-05 0.423435
9.9973E-05 0.235239 0.361505 9.9973E-05 0.0865835 0.127901 0.042886 0.145585 9.9973E-05
9.9964E-05 0.274218 9.9964E-05 9.9964E-05 0.0410549 0.315617 0.240961 0.12775 9.9964E-05
0.0498323 9.9946E-05 9.9946E-05 9.9946E-05 0.69033 9.9946E-05 9.9946E-05 9.9946E-05 0.259238
0.157931 0.111362 0.000979384 0.224764 9.9973E-05 0.100749 0.403914 9.9973E-05 9.9973E-05
0.213267 9.9964E-05 9.9964E-05 0.319286 9.9964E-05 0.243843 0.149887 9.9964E-05 0.0733158
9.9955E-05 9.9955E-05 9.9955E-05 9.9955E-05 0.301141 0.387097 0.242015 9.9955E-05 0.0692465
9.9955E-05 9.9955E-05 9.9955E-05 0.606141 0.0818009 0.0777795 9.9955E-05 0.233779 9.9955E-05
9.9973E-05 0.298406 0.0195928 0.181336 0.382103 0.0507043 9.9973E-05 0.0675579 9.9973E-05
0.217648 0.062472 9.9964E-05 9.9964E-05 0.238672 0.266825 9.9964E-05 9.9964E-05 0.213983
9.9973E-05 0.171357 9.9973E-05 0.32242 0.00176881 0.291034 0.0185469 9.9973E-05 0.194574
0.173373 9.9964E-05 0.0530762 0.0619371 0.512367 9.9964E-05 9.9964E-05 9.9964E-05 0.198846
9.9955E-05 9.9955E-05 9.9955E-05 9.9955E-05 0.0316784 0.165349 9.9955E-05 0.511281 0.291192
9.9982E-05 0.0865184 0.118635 0.0380909 0.0724326 0.482711 0.0797041 9.9982E-05 0.121708
0.382809 0.0809567 9.9955E-05 0.492806 9.9955E-05 9.9955E-05 9.9955E-05 0.0429287 9.9955E-05
0.0111057 9.9955E-05 9.9955E-05 9.9955E-05 0.218703 9.9955E-05 0.359918 9.9955E-05 0.409773
0.34689 0.168659 9.9955E-05 9.9955E-05 9.9955E-05 9.9955E-05 0.0965822 9.9955E-05 0.387369
9.9973E-05 9.9973E-05 0.0277526 0.0855589 0.303735 9.9973E-05 0.384455 0.180089 0.0181089
9.9937E-05 0.824027 9.9937E-05 9.9937E-05 0.175274 9.9937E-05 9.9937E-05 9.9937E-05 9.9937E-05
0.0898057 0.0225404 9.9955E-05 9.9955E-05 9.9955E-05 0.102573 9.9955E-05 0.784581 9.9955E-05
9.9946E-05 9.9946E-05 9.9946E-05 0.966125 0.018893 9.9946E-05 9.9946E-05 9.9946E-05 0.0143826
9.9955E-05 9.9955E-05 9.9955E-05 0.167955 0.377863 0.4318 0.0218823 9.9955E-05 9.9955E-05
9.9973E-05 9.9973E-05 0.0830147 0.0255493 0.108429 9.9973E-05 0.381333 0.261748 0.139626
0.0691332 9.9964E-05 9.9964E-05 0.322541 0.308431 9.9964E-05 0.233456 0.0660385 9.9964E-05
0.407067 9.9973E-05 0.0859003 9.9973E-05 0.160456 0.0973955 9.9973E-05 0.0775801 0.171301
0.283087 9.9973E-05 0.0399891 0.0236221 0.191534 9.9973E-05 0.253465 9.9973E-05 0.208002
0.544313 9.9955E-05 0.113847 9.9955E-05 9.9955E-05 9.9955E-05 0.146433 0.194907 9.9955E-05
0.445396 0.0538941 9.9955E-05 9.9955E-05 9.9955E-05 0.144366 9.9955E-05 0.355844 9.9955E-05
9.9955E-05 9.9955E-05 9.9955E-05 9.9955E-05 0.0387655 0.123134 0.824732 9.9955E-05 0.0128688
0.0749832 0.307822 0.00692298 0.143581 0.252859 0.213532 9.9973E-05 9.9973E-05 9.9973E-05
0.317113 9.9973E-05 0.110446 0.0830892 0.0808315 0.351224 9.9973E-05 0.0569966 9.9973E-05
9.9937E-05 9.9937E-05 0.578627 9.9937E-05 9.9937E-05 9.9937E-05 9.9937E-05 0.420674 9.9937E-05
0.133295 9.9955E-05 9.9955E-05 0.490595 9.9955E-05 9.9955E-05 0.0727398 9.9955E-05 0.30287
0.0858896 0.357594 9.9946E-05 9.9946E-05 9.9946E-05 0.555916 9.9946E-05 9.9946E-05 9.9946E-05
0.0198042 0.222118 0.150046 9.9973E-05 9.9973E-05 0.324707 0.232059 9.9973E-05 0.0509657
0.242125 0.0371278 9.9964E-05 0.168458 9.9964E-05 9.9964E-05 0.219655 9.9964E-05 0.332234
0.140595 0.170463 0.0977502 0.38853 9.9964E-05 0.202262 9.9964E-05 9.9964E-05 9.9964E-05
9.9964E-05 0.574441 0.387935 9.9964E-05 0.00210633 0.00606711 0.0290502 9.9964E-05 9.9964E-05
9.9955E-05 9.9955E-05 9.9955E-05 9.9955E-05 9.9955E-05 0.139092 0.381611 0.0520501 0.426747
9.9973E-05 9.9973E-05 0.406956 0.000192469 0.0335511 9.9973E-05 0.0916764 0.37249 0.0948346
0.250945 0.492127 9.9955E-05 9.9955E-05 9.9955E-05 0.142024 9.9955E-05 0.114405 9.9955E-05
9.9964E-05 9.9964E-05 0.0695411 9.9964E-05 0.127722 0.118439 0.090406 0.593492 9.9964E-05
0.102235 0.253938 0.113212 0.211646 9.9964E-05 0.31857 9.9964E-05 9.9964E-05 9.9964E-05
9.9946E-05 9.9946E-05 0.323403 9.9946E-05 9.9946E-05 9.9946E-05 0.637834 0.0381632 9.9946E-05
0.633435 0.123849 9.9973E-05 9.9973E-05 0.0387643 0.00402418 0.0427292 0.156899 9.9973E-05
0.187957 0.0282724 0.321624 0.267759 0.0370025 9.9973E-05 9.9973E-05 9.9973E-05 0.157085
9.9946E-05 9.9946E-05 9.9946E-05 0.333644 9.9946E-05 9.9946E-05 0.401018 0.264739 9.9946E-05
9.9955E-05 0.137429 9.9955E-05 9.9955E-05 0.0275477 9.9955E-05 0.5616 0.272923 9.9955E-05
0.125036 0.0934508 9.9982E-05 0.27216 9.9982E-05 0.0327522 0.128599 0.0620768 0.285726
9.9955E-05 0.052844 0.630748 9.9955E-05 0.314909 9.9955E-05 0.000999595 9.9955E-05 9.9955E-05
9.9973E-05 0.360026 0.0250829 0.096617 0.0887865 9.9973E-05 9.9973E-05 0.137348 0.29184
0.404822 9.9955E-05 9.9955E-05 0.320109 0.224801 9.9955E-05 0.0497675 9.9955E-05 9.9955E-05
9.9964E-05 0.441737 9.9964E-05 0.0330488 0.113552 9.9964E-05 9.9964E-05 0.242165 0.169098
9.9964E-05 0.189046 9.9964E-05 0.298473 0.257286 9.9964E-05 9.9964E-05 0.169894 0.0849012
0.0294132 9.9964E-05 9.9964E-05 0.345227 9.9964E-05 0.0488876 9.9964E-05 0.385793 0.19028
0.0735907 0.119413 0.352383 9.9964E-05 0.372138 9.9964E-05 9.9964E-05 9.9964E-05 0.082076
9.9973E-05 0.0137714 0.0054757 0.181646 0.213476 0.448064 0.137267 9.9973E-05 9.9973E-05
0.345316 9.9946E-05 0.0948063 9.9946E-05 0.559278 9.9946E-05 9.9946E-05 9.9946E-05 9.9946E-05
9.99722E-05 9.99722E-05 9.99722E-05 0.185661 0.100043 0.0869698 9.99722E-05 0.549521 0.0774056
9.9964E-05 0.79119 0.088264 0.0289305 0.00102928 9.9964E-05 9.9964E-05 9.9964E-05 0.0901868
9.9964E-05 0.00960823 0.599307 0.234295 9.9964E-05 9.9964E-05 0.0594116 9.9964E-05 0.0969782
0.0462972 9.9964E-05 9.9964E-05 0.0312063 0.17447 0.472896 9.9964E-05 9.9964E-05 0.27473
0.0616822 9.9955E-05 9.9955E-05 0.414604 9.9955E-05 0.0135274 9.9955E-05 9.9955E-05 0.509686
9.9955E-05 0.32213 9.9955E-05 0.142024 9.9955E-05 9.9955E-05 0.302013 9.9955E-05 0.233334
0.071157 0.225088 0.163398 9.9982E-05 0.0526713 0.1217 9.9982E-05 0.0141597 0.351627
0.133696 0.212658 0.0945136 0.124304 0.160066 0.101216 0.118942 9.9991E-05 0.0545052
9.9964E-05 0.00680431 0.381236 9.9964E-05 9.9964E-05 9.9964E-05 0.0788047 0.169479 0.363277
9.9964E-05 9.9964E-05 0.112311 9.9964E-05 0.671877 0.0400838 9.9964E-05 0.174073 0.00125621
0.256107 0.048763 9.9964E-05 0.282406 9.9964E-05 9.9964E-05 0.180269 0.232055 9.9964E-05
0.0669004 0.0769867 0.328989 9.9973E-05 0.118174 0.27375 9.9973E-05 0.134901 9.9973E-05
0.486513 9.9964E-05 9.9964E-05 9.9964E-05 0.196272 0.30705 9.9964E-05 0.0039354 0.00583059
0.686156 9.9964E-05 0.0395868 9.9964E-05 9.9964E-05 0.144803 0.0221612 0.106893 9.9964E-05
9.9955E-05 0.00669141 9.9955E-05 0.0787101 9.9955E-05 9.9955E-05 9.9955E-05 0.0465212 0.867578
0.539755 0.0436068 9.9973E-05 0.0300386 0.10347 9.9973E-05 0.071068 9.9973E-05 0.211762
9.9955E-05 0.591807 9.9955E-05 9.9955E-05 0.0359371 0.18489 0.186866 9.9955E-05 9.9955E-05
0.204694 0.0140323 0.042106 9.9973E-05 0.0266097 9.9973E-05 9.9973E-05 0.00586387 0.706395
9.9973E-05 0.254232 0.0803895 0.0436656 0.0261784 0.290957 9.9973E-05 9.9973E-05 0.304278
9.9964E-05 9.9964E-05 0.454457 0.0457634 9.9964E-05 0.043511 0.0107691 9.9964E-05 0.4451
0.342878 9.9973E-05 0.10143 0.0070877 9.9973E-05 9.9973E-05 0.24257 0.138196 0.167538
0.0679173 9.9973E-05 0.191151 9.9973E-05 9.9973E-05 0.250678 0.0351884 0.207293 0.247472
9.9955E-05 9.9955E-05 0.184616 0.498922 0.181948 9.9955E-05 9.9955E-05 9.9955E-05 0.134014
9.9964E-05 9.9964E-05 0.0180824 0.190763 0.0518786 0.467388 9.9964E-05 9.9964E-05 0.271488
0.312797 9.9955E-05 9.9955E-05 0.0123864 9.9955E-05 9.9955E-05 0.0764348 9.9955E-05 0.597882
9.9964E-05 0.0482853 0.0752764 0.389352 0.417821 9.9964E-05 9.9964E-05 0.0688649 9.9964E-05
0.0693487 9.9946E-05 0.183012 9.9946E-05 9.9946E-05 0.747039 9.9946E-05 9.9946E-05 9.9946E-05
0.0428705 9.9955E-05 9.9955E-05 9.9955E-05 9.9955E-05 0.0244544 9.9955E-05 0.531094 0.401081
9.99653E-05 9.99653E-05 9.99653E-05 0.167812 0.127699 0.323471 0.235219 9.99653E-05 0.145398
9.9955E-05 0.464063 0.127888 0.236234 9.9955E-05 0.171315 9.9955E-05 9.9955E-05 9.9955E-05
9.9946E-05 9.9946E-05 9.9946E-05 9.9946E-05 0.0285733 0.759024 9.9946E-05 9.9946E-05 0.211803
0.254886 0.0055801 9.9973E-05 0.392248 9.9973E-05 9.9973E-05 0.00864127 0.301626 0.0367181
0.363351 9.9946E-05 0.523136 9.9946E-05 9.9946E-05 9.9946E-05 9.9946E-05 9.9946E-05 0.112914
9.9955E-05 0.153949 9.9955E-05 9.9955E-05 0.756368 0.0392393 0.0499433 9.9955E-05 9.9955E-05
0.0500934 9.9973E-05 0.304144 0.0105961 9.9973E-05 0.294352 0.317078 0.0234362 9.9973E-05
9.9964E-05 0.226899 0.184934 0.0887029 9.9964E-05 9.9964E-05 0.0782781 0.420787 9.9964E-05
0.0237222 0.254733 0.129334 9.9964E-05 9.9964E-05 0.108091 0.483719 9.9964E-05 9.9964E-05
9.9964E-05 9.9964E-05 0.000613936 0.242377 0.315221 0.256471 9.9964E-05 9.9964E-05 0.184917
0.183511 9.9946E-05 0.263742 9.9946E-05 9.9946E-05 9.9946E-05 0.552148 9.9946E-05 9.9946E-05
9.9955E-05 9.9955E-05 9.9955E-05 0.121605 0.16318 9.9955E-05 9.9955E-05 0.559873 0.154843
9.9955E-05 9.9955E-05 9.9955E-05 9.9955E-05 9.9955E-05 0.4288 0.15016 0.00889701 0.411644
0.445994 0.0185868 0.149349 9.9973E-05 9.9973E-05 0.036347 0.318309 0.0311143 9.9973E-05
9.9946E-05 0.584958 9.9946E-05 9.9946E-05 9.9946E-05 0.101085 9.9946E-05 0.313357 9.9946E-05
0.52244 9.9964E-05 9.9964E-05 9.9964E-05 0.364592 0.00794834 0.0742583 0.0303611 9.9964E-05
0.134854 0.24437 0.0207265 9.9964E-05 9.9964E-05 0.382267 0.217383 9.9964E-05 9.9964E-05
9.9964E-05 0.0353527 9.9964E-05 0.271514 0.305135 9.9964E-05 0.112609 0.274989 9.9964E-05
0.470211 0.125207 0.091982 0.0926993 9.9973E-05 0.162504 9.9973E-05 9.9973E-05 0.0570972
0.0317048 9.9964E-05 0.310886 9.9964E-05 0.357511 0.0127799 9.9964E-05 9.9964E-05 0.286718
9.9955E-05 9.9955E-05 0.285421 0.269998 0.415505 9.9955E-05 9.9955E-05 9.9955E-05 0.0285763
9.9964E-05 9.9964E-05 0.73285 0.104779 0.111201 9.9964E-05 0.0216526 9.9964E-05 0.0291166
0.0920488 9.9964E-05 9.9964E-05 0.347408 0.365059 0.00817626 9.9964E-05 0.186908 9.9964E-05
9.9946E-05 9.9946E-05 9.9946E-05 9.9946E-05 0.167815 9.9946E-05 0.258434 9.9946E-05 0.573151
9.9964E-05 0.410894 9.9964E-05 9.9964E-05 0.299732 0.145383 0.0182416 0.125349 9.9964E-05
0.283477 0.235002 9.9964E-05 0.233956 0.221015 9.9964E-05 9.9964E-05 0.0261496 9.9964E-05
9.9955E-05 9.9955E-05 9.9955E-05 0.248831 9.9955E-05 0.510564 0.146272 0.0938339 9.9955E-05
9.9955E-05 0.193204 0.392623 0.135297 9.9955E-05 0.278377 9.9955E-05 9.9955E-05 9.9955E-05
0.354744 9.9955E-05 0.468544 0.140721 9.9955E-05 9.9955E-05 9.9955E-05 9.9955E-05 0.0354912
9.9964E-05 0.265359 9.9964E-05 9.9964E-05 0.166823 9.9964E-05 0.149738 0.15338 0.2643
9.9964E-05 0.14573 9.9964E-05 9.9964E-05 9.9964E-05 0.0653576 0.233299 0.388427 0.166787
0.14048 0.53682 9.9955E-05 9.9955E-05 9.9955E-05 9.9955E-05 9.9955E-05 0.114755 0.207445
0.266526 0.182992 9.9964E-05 9.9964E-05 9.9964E-05 9.9964E-05 0.174412 0.101754 0.273917
9.9937E-05 9.9937E-05 9.9937E-05 0.370159 9.9937E-05 9.9937E-05 0.629141 9.9937E-05 9.9937E-05
0.129499 9.9964E-05 9.9964E-05 0.324832 0.0275714 0.248103 0.269595 9.9964E-05 9.9964E-05
9.9964E-05 0.0898477 9.9964E-05 0.0944494 0.575542 0.108724 9.9964E-05 0.131036 9.9964E-05
9.9973E-05 0.256798 9.9973E-05 0.095634 0.0563942 0.100816 9.9973E-05 0.184449 0.305609
9.9946E-05 0.230459 9.9946E-05 9.9946E-05 0.288235 9.9946E-05 9.9946E-05 0.480706 9.9946E-05
9.9955E-05 9.9955E-05 0.684989 9.9955E-05 9.9955E-05 0.0599975 0.0566001 9.9955E-05 0.197913
0.102375 9.9973E-05 0.263138 9.9973E-05 0.163307 0.306282 0.00018291 0.164415 9.9973E-05
0.0320152 0.153351 0.0347795 0.236678 0.00556194 9.9982E-05 0.499095 9.9982E-05 0.0383195
9.9946E-05 9.9946E-05 9.9946E-05 9.9946E-05 9.9946E-05 0.0444984 0.533563 9.9946E-05 0.421339
9.9964E-05 0.222908 9.9964E-05 9.9964E-05 0.0756377 0.204565 0.364781 0.131709 9.9964E-05
0.147739 9.9946E-05 9.9946E-05 9.9946E-05 9.9946E-05 0.850178 9.9946E-05 9.9946E-05 0.00148311
9.9955E-05 0.264468 0.0901389 9.9955E-05 9.9955E-05 9.9955E-05 9.9955E-05 0.502052 0.142841
9.9964E-05 9.9964E-05 0.0418457 0.195538 0.604821 0.080196 0.0771992 9.9964E-05 9.9964E-05
9.9964E-05 9.9964E-05 0.15756 0.184693 9.9964E-05 0.0316229 0.466414 0.15931 9.9964E-05
0.0965229 0.376802 0.151471 0.158784 0.0447189 0.0914736 0.0151685 9.9991E-05 0.064958
9.9973E-05 0.179364 0.251247 0.125826 9.9973E-05 0.12487 0.161165 9.9973E-05 0.157229
0.341916 9.9955E-05 9.9955E-05 9.9955E-05 0.0557 0.217139 9.9955E-05 9.9955E-05 0.384746
0.218637 0.077343 0.178943 9.9982E-05 0.0201491 0.224891 0.179031 0.100806 9.9982E-05
0.0911331 0.0681967 9.9973E-05 0.0725331 9.9973E-05 0.52997 0.178905 0.058962 9.9973E-05
0.390038 9.9955E-05 0.228133 9.9955E-05 0.332274 9.9955E-05 9.9955E-05 9.9955E-05 0.0490549
9.9964E-05 0.0470739 9.9964E-05 0.25791 0.23491 9.9964E-05 9.9964E-05 0.357217 0.10249
9.9973E-05 9.9973E-05 0.303788 0.0808156 0.091448 0.315892 0.055146 0.152611 9.9973E-05
0.623831 0.0234816 0.147449 9.9955E-05 0.204738 9.9955E-05 9.9955E-05 9.9955E-05 9.9955E-05
9.9955E-05 0.49527 9.9955E-05 9.9955E-05 9.9955E-05 0.0585929 9.9955E-05 0.360777 0.0848611
9.9955E-05 9.9955E-05 0.203252 9.9955E-05 0.333329 9.9955E-05 0.0228703 0.440049 9.9955E-05
9.9982E-05 0.00709486 9.9982E-05 0.00136541 0.133098 0.143879 0.4995 0.0801348 0.134728
9.9967E-05 0.133707 0.244131 9.9967E-05 0.168436 9.9967E-05 9.9967E-05 0.280147 0.173179
9.9964E-05 0.336838 9.9964E-05 0.000506236 0.272144 9.9964E-05 0.274514 9.9964E-05 0.115598
0.511019 0.0872213 9.9964E-05 0.114297 0.0706299 9.9964E-05 9.9964E-05 9.9964E-05 0.216433
0.113872 9.9964E-05 0.0580512 9.9964E-05 9.9964E-05 0.0415659 0.00244367 9.9964E-05 0.783667
9.9973E-05 0.27318 9.9973E-05 0.478449 0.0442094 0.0465937 0.149728 9.9973E-05 0.00753927
9.9964E-05 0.0610857 0.221372 0.498843 0.0563479 9.9964E-05 9.9964E-05 0.161952 9.9964E-05
0.155491 0.000814034 9.9955E-05 0.765352 0.0778431 9.9955E-05 9.9955E-05 9.9955E-05 9.9955E-05
0.0774766 9.9973E-05 0.149021 0.0544408 9.9973E-05 9.9973E-05 0.0689402 0.00693374 0.642888
0.234123 0.353615 9.9955E-05 0.411591 9.9955E-05 0.000171482 9.9955E-05 9.9955E-05 9.9955E-05
9.9964E-05 0.0196056 9.9964E-05 0.538367 0.317062 9.9964E-05 0.0606558 0.0639102 9.9964E-05
0.214676 0.0117707 0.100229 9.9973E-05 9.9973E-05 0.331858 9.9973E-05 0.250601 0.0905659
9.9946E-05 0.756792 9.9946E-05 0.190396 9.9946E-05 9.9946E-05 9.9946E-05 9.9946E-05 0.0522129
0.0535625 0.0532601 0.22799 9.9973E-05 0.0326209 9.9973E-05 0.177 9.9973E-05 0.455266
9.9946E-05 9.9946E-05 0.711385 9.9946E-05 0.0848948 0.203121 9.9946E-05 9.9946E-05 9.9946E-05
9.9955E-05 0.152378 0.305257 9.9955E-05 0.338086 9.9955E-05 9.9955E-05 9.9955E-05 0.203779
0.0755392 0.075404 9.9973E-05 0.181902 9.9973E-05 0.115753 0.3237 0.227401 9.9973E-05
9.9955E-05 0.356323 0.0966034 9.9955E-05 0.00435689 9.9955E-05 0.542217 9.9955E-05 9.9955E-05
9.9937E-05 9.9937E-05 0.373359 9.9937E-05 0.625941 9.9937E-05 9.9937E-05 9.9937E-05 9.9937E-05
9.9964E-05 9.9964E-05 0.476978 9.9964E-05 0.00356351 0.0594491 0.00650675 0.453103 9.9964E-05
0.526792 0.145877 9.9964E-05 0.109358 0.0543377 9.9964E-05 0.163236 9.9964E-05 9.9964E-05
9.9955E-05 0.493245 0.1382 9.9955E-05 9.9955E-05 9.9955E-05 0.140397 9.9955E-05 0.227659
0.0966256 0.0997003 9.9973E-05 0.0392072 0.428288 9.9973E-05 9.9973E-05 0.223547 0.112332
9.9955E-05 0.249241 0.21385 0.380023 9.9955E-05 0.156386 9.9955E-05 9.9955E-05 9.9955E-05
0.0946611 0.141783 9.9964E-05 9.9964E-05 0.177153 9.9964E-05 0.0567097 0.529293 9.9964E-05
9.9955E-05 0.142389 0.0798387 0.13085 9.9955E-05 9.9955E-05 9.9955E-05 0.646422 9.9955E-05
0.0697393 0.088782 0.128981 9.9982E-05 9.9982E-05 0.00105455 0.0550407 0.579264 0.0769391
9.9973E-05 9.9973E-05 0.271508 0.473617 0.0883307 0.005592 9.9973E-05 0.00311651 0.157535
0.0455576 0.106773 0.135467 0.411982 9.9973E-05 0.156921 9.9973E-05 9.9973E-05 0.142999
0.493432 0.185303 9.9964E-05 9.9964E-05 0.00093369 0.0132488 9.9964E-05 9.9964E-05 0.306683
0.386567 9.9955E-05 9.9955E-05 0.0720643 9.9955E-05 0.165952 9.9955E-05 9.9955E-05 0.374917
0.0798303 0.0261425 0.653973 9.9964E-05 9.9964E-05 0.120636 9.9964E-05 0.119018 9.9964E-05
0.245096 9.9973E-05 9.9973E-05 0.100043 0.187945 0.123844 0.327914 0.0148566 9.9973E-05
9.9946E-05 0.134579 0.0616954 9.9946E-05 9.9946E-05 9.9946E-05 0.803126 9.9946E-05 9.9946E-05
9.9964E-05 9.9964E-05 0.0169671 0.161918 0.252283 0.166971 0.401461 9.9964E-05 9.9964E-05
9.9946E-05 0.387549 9.9946E-05 9.9946E-05 0.480076 9.9946E-05 9.9946E-05 0.131775 9.9946E-05
0.161949 0.109398 0.00536992 9.9964E-05 0.105992 9.9964E-05 0.616891 9.9964E-05 9.9964E-05
0.571646 0.148155 9.9955E-05 9.9955E-05 9.9955E-05 0.0194592 0.26024 9.9955E-05 9.9955E-05
9.9973E-05 0.23179 9.9973E-05 0.243278 9.9973E-05 0.182904 0.18 0.0713994 0.0903287
9.9955E-05 9.9955E-05 0.302433 0.268114 9.9955E-05 9.9955E-05 9.9955E-05 0.414306 0.0146481
0.741982 9.9937E-05 9.9937E-05 9.9937E-05 9.9937E-05 9.9937E-05 9.9937E-05 9.9937E-05 0.257319
0.0931541 9.9964E-05 0.0887613 0.566733 9.9964E-05 9.9964E-05 0.174727 9.9964E-05 0.0762248
9.9955E-05 9.9955E-05 0.362561 0.0848279 9.9955E-05 0.512091 9.9955E-05 0.0400207 9.9955E-05
9.9946E-05 9.9946E-05 9.9946E-05 0.312526 9.9946E-05 9.9946E-05 0.274772 9.9946E-05 0.412102
0.186105 9.9991E-05 0.116689 0.106593 0.195907 0.106945 0.115649 0.0141112 0.157902
0.159202 9.9964E-05 0.0729522 9.9964E-05 0.0239815 9.9964E-05 9.9964E-05 0.721349 0.0221155
9.9964E-05 0.204541 9.9964E-05 0.140078 0.0920618 0.275403 9.9964E-05 9.9964E-05 0.287516
0.111129 0.0108426 9.9973E-05 0.143777 0.217853 0.435356 0.0807431 9.9973E-05 9.9973E-05
0.040717 0.0601854 9.9982E-05 0.0624283 9.9982E-05 0.266606 0.149161 0.298906 0.121797
0.130418 9.996E-05 0.0760055 9.996E-05 9.996E-05 0.319923 0.269398 9.996E-05 0.203856
9.9973E-05 0.263682 9.9973E-05 9.9973E-05 0.0451068 0.191973 0.0112077 0.37302 0.114711
9.9973E-05 0.158361 9.9973E-05 0.409484 0.0680215 0.00912129 0.304426 9.9973E-05 0.0502866
9.9973E-05 0.0931441 0.0148405 0.198425 9.9973E-05 0.125406 0.480445 9.9973E-05 0.0874395
9.9964E-05 0.337671 0.0246157 0.425408 9.9964E-05 9.9964E-05 0.0372093 9.9964E-05 0.174696
0.234173 9.9955E-05 9.9955E-05 9.9955E-05 0.267366 0.175779 9.9955E-05 0.322182 9.9955E-05
