0.0813848 0.117496 9.9991E-05 0.359134 0.316648 0.0623591 0.0628777
9.9982E-05 0.044502 0.121471 9.9982E-05 0.334719 0.297615 0.201493
0.165288 0.425969 9.9973E-05 9.9973E-05 0.364096 0.0443471 9.9973E-05
0.139477 0.519644 9.9973E-05 9.9973E-05 0.0528132 9.9973E-05 0.287766
0.112811 9.9982E-05 0.288945 0.280318 0.277374 0.0403518 9.9982E-05
9.9982E-05 0.607322 0.116993 0.0107051 0.145225 0.119554 9.9982E-05
9.9973E-05 9.9973E-05 0.0510811 9.9973E-05 0.016789 0.793888 0.137942
0.00363655 0.0925316 0.405031 0.3664 9.9991E-05 0.126277 0.00602347
9.9982E-05 0.443592 0.0172209 9.9982E-05 0.0877197 0.120654 0.330614
9.9955E-05 0.514732 9.9955E-05 0.484768 9.9955E-05 9.9955E-05 9.9955E-05
0.000786294 0.155149 9.9991E-05 0.127141 0.358669 0.176428 0.181727
0.204072 0.211801 0.0369674 9.9973E-05 9.9973E-05 0.54686 9.9973E-05
9.9973E-05 9.9973E-05 0.154818 9.9973E-05 0.0246637 0.392629 0.42759
0.719689 9.9964E-05 9.9964E-05 0.268785 0.0111262 9.9964E-05 9.9964E-05
0.0281745 0.0524499 0.249682 0.304222 9.9991E-05 0.0706148 0.294756
0.342128 0.1709 0.0866127 0.202674 0.177412 9.9991E-05 0.0201724
9.9973E-05 9.9973E-05 0.252575 0.178105 0.486392 9.9973E-05 0.082628
0.191651 0.312404 0.325492 0.160809 0.00944434 9.9982E-05 9.9982E-05
0.435553 9.9973E-05 0.243766 9.9973E-05 0.0305352 0.289846 9.9973E-05
0.0481679 0.521358 9.9973E-05 9.9973E-05 0.112208 9.9973E-05 0.317967
0.0154644 0.279133 0.33179 9.9982E-05 0.100986 0.272426 9.9982E-05
9.999E-05 0.257087 0.0284761 0.438891 0.131444 0.0884449 0.0555573
9.9964E-05 9.9964E-05 0.190419 9.9964E-05 0.331814 0.477367 9.9964E-05
0.0628554 0.0538261 0.482176 0.086713 0.197053 9.9991E-05 0.117276
0.0441385 0.326655 9.9982E-05 0.0582196 0.346356 9.9982E-05 0.22443
0.197497 9.9991E-05 0.302741 0.00254679 0.0299062 0.220357 0.246852
0.323973 9.9973E-05 0.252331 9.9973E-05 9.9973E-05 0.177835 0.245561
0.11213 9.9973E-05 9.9973E-05 9.9973E-05 0.197348 0.436275 0.253948
9.9982E-05 0.0190953 0.175234 0.299483 0.216806 9.9982E-05 0.289181
0.0013528 0.143541 9.9982E-05 0.19858 0.240698 0.415628 9.9982E-05
0.229639 9.9973E-05 9.9973E-05 0.310246 0.0972227 9.9973E-05 0.362592
0.168052 0.425303 0.0408996 0.0358331 0.101956 0.227855 9.9991E-05
9.9973E-05 0.395061 0.127066 0.106595 9.9973E-05 9.9973E-05 0.370979
0.201996 9.9991E-05 0.0821612 0.262898 0.224797 0.0250333 0.203015
9.9973E-05 0.0937512 9.9973E-05 0.299315 0.264211 0.342423 9.9973E-05
0.118445 9.9982E-05 0.197898 9.9982E-05 0.0745442 0.307229 0.301684
0.0572431 0.00479356 9.9982E-05 0.118896 0.419112 0.399755 9.9982E-05
0.25184 0.0971081 9.9973E-05 9.9973E-05 0.611141 0.0396106 9.9973E-05
0.168166 9.99902E-05 0.177894 0.205363 9.99902E-05 0.300953 0.147423
0.216866 9.9964E-05 9.9964E-05 0.696118 9.9964E-05 9.9964E-05 0.0866166
0.191072 9.9982E-05 0.332815 0.268357 9.9982E-05 0.00724095 0.200315
9.9982E-05 0.0791403 0.436718 0.184281 9.9982E-05 0.123163 0.176497
0.068357 0.15152 0.0862093 0.145172 0.0459384 0.141344 0.361458
0.220311 0.286724 0.0839048 0.131327 0.10464 9.9991E-05 0.172993
9.9973E-05 9.9973E-05 0.1697 0.230716 0.586027 0.0132566 9.9973E-05
0.285303 9.9973E-05 9.9973E-05 0.10176 0.39304 0.219598 9.9973E-05
0.0724585 9.9982E-05 0.0481853 0.0595468 0.165556 9.9982E-05 0.654053
0.0384357 0.210936 0.721162 9.9973E-05 0.0291664 9.9973E-05 9.9973E-05
9.9973E-05 0.370749 0.248783 9.9973E-05 9.9973E-05 0.110716 0.269452
9.995E-05 9.995E-05 9.995E-05 0.9994 9.995E-05 9.995E-05 9.995E-05
0.457953 9.9973E-05 0.0167495 0.27413 9.9973E-05 9.9973E-05 0.250867
0.0207938 0.432621 0.110044 0.233926 0.0729321 0.129584 9.9991E-05
0.155401 9.9973E-05 9.9973E-05 0.391186 9.9973E-05 0.00271217 0.450401
0.151161 9.9991E-05 0.0236923 0.00142882 0.215661 0.507169 0.100788
9.9973E-05 0.410238 0.195346 9.9973E-05 9.9973E-05 0.243144 0.150973
9.9973E-05 0.160838 9.9973E-05 0.0128884 0.325274 9.9973E-05 0.500699
9.9982E-05 9.9982E-05 0.211603 0.174958 0.111799 0.387596 0.113845
0.00776055 0.117302 9.9973E-05 9.9973E-05 9.9973E-05 0.812178 0.0624589
0.166707 0.121656 0.00877587 9.9973E-05 9.9973E-05 0.702561 9.9973E-05
0.581757 0.134689 9.9973E-05 0.071205 9.9973E-05 0.212049 9.9973E-05
0.00191594 9.9982E-05 0.488739 0.305081 9.9982E-05 0.114388 0.0896757
9.9973E-05 0.357723 0.317041 9.9973E-05 0.288031 0.0369045 9.9973E-05
0.171381 0.614637 0.048444 0.132397 9.9991E-05 0.00189267 0.0311476
9.9982E-05 0.070748 0.0338922 9.9982E-05 0.261441 0.459138 0.174581
9.9991E-05 0.00194623 0.0624882 0.183771 0.279581 0.222089 0.250024
0.368172 9.9982E-05 0.116531 0.308517 0.049998 0.156581 9.9982E-05
0.130683 9.9973E-05 0.503173 0.236225 0.129619 9.9973E-05 9.9973E-05
9.9973E-05 0.304608 0.50639 0.0328245 9.9973E-05 9.9973E-05 0.155878
0.467012 0.0436027 9.9991E-05 0.0521107 0.075105 0.044155 0.317915
0.296815 0.239982 0.0844937 0.141773 0.139343 9.9991E-05 0.0974941
0.218479 9.9973E-05 0.249163 9.9973E-05 0.357569 0.174489 9.9973E-05
9.9964E-05 0.405366 0.230488 9.9964E-05 9.9964E-05 0.363746 9.9964E-05
9.9964E-05 9.9964E-05 9.9964E-05 9.9964E-05 0.0449554 0.638254 0.316391
0.0501004 0.022457 0.121758 9.9991E-05 0.14384 0.592295 0.0694505
0.10264 0.420017 9.9973E-05 0.173328 9.9973E-05 0.303716 9.9973E-05
9.99859E-05 0.128389 0.0286933 0.522955 0.267024 0.0527386 9.99859E-05
9.9982E-05 0.277355 0.0476708 0.373772 0.2541 9.9982E-05 0.0469011
9.9955E-05 9.9955E-05 9.9955E-05 0.780979 0.218521 9.9955E-05 9.9955E-05
0.284491 0.142518 0.299356 9.9991E-05 0.147734 0.00962354 0.116177
0.270498 0.0730044 9.9973E-05 9.9973E-05 0.276951 9.9973E-05 0.379247
9.9973E-05 0.0252502 0.196414 0.377526 9.9973E-05 0.40051 9.9973E-05
0.696496 0.0622537 0.155785 9.9973E-05 0.0851648 9.9973E-05 9.9973E-05
9.9973E-05 0.317873 9.9973E-05 9.9973E-05 0.424956 0.200947 0.0559236
0.267981 0.22403 0.314348 0.12836 0.0542474 9.9991E-05 0.0109341
0.102391 0.134713 0.272056 0.1183 0.0785921 0.293848 9.9991E-05
0.524832 0.171329 0.228249 9.9982E-05 0.0493182 9.9982E-05 0.0260719
9.9982E-05 0.10125 0.34844 0.435657 9.9982E-05 0.106167 0.00828646
0.40504 0.000611188 0.0924623 0.0426372 0.295678 0.0932859 0.0702854
0.272781 0.224136 9.9973E-05 0.407319 9.9973E-05 9.9973E-05 0.0954639
0.0179659 0.201771 0.260673 9.9982E-05 0.476029 0.0433611 9.9982E-05
0.161237 0.0851127 0.126807 0.135741 0.0451341 0.323808 0.12216
9.9973E-05 0.157559 0.266517 0.0175119 9.9973E-05 9.9973E-05 0.558112
0.244038 9.9973E-05 9.9973E-05 9.9973E-05 0.29954 0.294863 0.161259
9.9973E-05 0.171209 0.231679 9.9973E-05 9.9973E-05 0.122474 0.474338
0.111424 9.9964E-05 9.9964E-05 9.9964E-05 0.0515558 9.9964E-05 0.83662
0.584965 0.110487 0.0431736 9.9973E-05 9.9973E-05 9.9973E-05 0.261074
0.0204451 0.25908 0.0496733 0.655359 9.9982E-05 0.0152426 9.9982E-05
9.9973E-05 0.0142902 9.9973E-05 0.136784 0.501527 0.347099 9.9973E-05
0.457516 0.0463624 0.225745 0.0657336 9.9991E-05 0.122416 0.0821266
9.9973E-05 0.358647 0.35045 9.9973E-05 0.17132 9.9973E-05 0.119282
0.242471 0.686057 9.9964E-05 9.9964E-05 9.9964E-05 9.9964E-05 0.0710718
0.129444 0.566235 9.9973E-05 9.9973E-05 9.9973E-05 0.120169 0.183853
0.136424 0.245384 0.0349221 0.25643 0.178898 0.126447 0.0214951
9.9973E-05 0.10912 0.333295 9.9973E-05 0.258824 9.9973E-05 0.298461
0.0471648 0.0888427 0.231873 0.0393714 0.0776581 0.411993 0.103097
9.9973E-05 0.0393391 0.331874 0.103783 0.524704 9.9973E-05 9.9973E-05
0.333043 0.184336 0.00429905 0.412849 9.9982E-05 9.9982E-05 0.0652726
0.313334 9.9964E-05 9.9964E-05 0.30401 9.9964E-05 0.382257 9.9964E-05
9.9982E-05 0.341978 9.9982E-05 0.227189 0.185131 0.0757221 0.16978
0.216635 0.0609134 9.9982E-05 9.9982E-05 0.528314 0.0104557 0.183482
9.9982E-05 0.286408 0.517731 0.098344 9.9982E-05 0.0592169 0.0380995
0.13874 0.411433 0.198759 0.0933366 0.157531 9.9982E-05 9.9982E-05
0.0441884 0.148588 0.0969354 0.013563 0.245208 0.380992 0.070525
9.9964E-05 0.747776 0.0188249 9.9964E-05 9.9964E-05 0.232999 9.9964E-05
9.9973E-05 0.812072 0.105341 9.9973E-05 0.0331856 0.0491008 9.9973E-05
9.9982E-05 0.226446 9.9982E-05 0.256115 0.274495 0.118619 0.124125
0.36371 0.0173074 0.424401 0.160152 0.0342302 9.9982E-05 9.9982E-05
0.378419 0.101064 0.246875 0.0740424 9.9991E-05 0.137903 0.0615949
9.9964E-05 9.9964E-05 9.9964E-05 0.203442 9.9964E-05 0.455017 0.341141
9.9982E-05 0.243917 9.9982E-05 0.102874 0.302705 0.234613 0.11569
0.697376 9.9964E-05 9.9964E-05 9.9964E-05 9.9964E-05 0.278373 0.0238517
0.200461 0.212 0.117016 0.133155 0.337168 9.9982E-05 9.9982E-05
9.9973E-05 0.105102 0.0104707 9.9973E-05 0.834675 9.9973E-05 0.0494526
0.0360467 0.206814 0.629978 9.9973E-05 9.9973E-05 0.126861 9.9973E-05
0.0131136 0.388957 0.135993 0.21407 9.9982E-05 9.9982E-05 0.247666
0.256119 0.155401 0.20157 0.0850838 0.219316 0.0824099 9.9991E-05
0.162388 0.370642 0.27315 9.9973E-05 9.9973E-05 0.19352 9.9973E-05
0.0959417 0.149412 0.321519 9.9982E-05 9.9982E-05 0.258453 0.174474
9.9991E-05 0.188077 0.0999577 0.326068 0.14991 0.180984 0.054904
0.213044 0.285769 9.9973E-05 9.9973E-05 0.263133 9.9973E-05 0.237754
0.0149958 0.0495086 0.107064 9.9982E-05 0.476602 9.9982E-05 0.35163
0.0941954 0.163153 0.0441653 0.58815 0.0228418 0.0873939 9.9991E-05
9.9964E-05 0.295139 9.9964E-05 9.9964E-05 0.173261 0.5312 9.9964E-05
9.9973E-05 0.199481 0.37312 0.327796 0.0993035 9.9973E-05 9.9973E-05
9.9973E-05 0.223788 9.9973E-05 0.741568 9.9973E-05 0.0246124 0.00973118
0.057032 9.9973E-05 0.249113 9.9973E-05 9.9973E-05 0.0129624 0.680592
9.9964E-05 9.9964E-05 0.606661 0.107106 0.285833 9.9964E-05 9.9964E-05
0.177219 0.343086 9.9973E-05 9.9973E-05 9.9973E-05 0.3166 0.162795
0.581961 0.131754 0.215202 0.0707836 9.9973E-05 9.9973E-05 9.9973E-05
0.118441 9.9982E-05 0.305071 9.9982E-05 0.410758 0.108964 0.0565659
9.9964E-05 9.9964E-05 0.156473 9.9964E-05 0.618234 0.224893 9.9964E-05
0.165137 0.379453 9.9973E-05 0.182188 0.272922 9.9973E-05 9.9973E-05
0.722809 9.99779E-05 9.99779E-05 0.0179914 0.0142248 0.244675 9.99779E-05
0.0253376 0.214972 9.9973E-05 9.9973E-05 0.168748 9.9973E-05 0.590643
0.0100508 0.117178 9.9982E-05 0.0108165 0.529642 0.332112 9.9982E-05
0.0122414 9.9991E-05 0.435475 0.0932445 0.0231004 0.00645878 0.42938
0.11888 9.9973E-05 0.210354 0.103913 9.9973E-05 0.566553 9.9973E-05
0.242587 0.088214 9.9982E-05 0.191234 0.0175144 9.9982E-05 0.460251
9.9973E-05 0.218012 9.9973E-05 9.9973E-05 0.239741 0.424167 0.117779
9.9973E-05 9.9973E-05 0.517294 0.036196 9.9973E-05 0.0224502 0.42376
0.148692 9.9973E-05 9.9973E-05 0.0046874 0.0982906 9.9973E-05 0.74803
0.460733 9.9982E-05 0.304039 9.9982E-05 0.0289478 0.126412 0.0796678
0.172983 0.301392 9.9982E-05 0.000173573 0.208135 9.9982E-05 0.317117
0.19685 9.9978E-05 0.299742 0.196379 9.9978E-05 9.9978E-05 0.306729
0.428222 9.9991E-05 0.000131271 0.136246 0.341622 0.0614658 0.0322124
0.268529 0.438159 0.044989 9.9982E-05 0.0849957 0.163127 9.9982E-05
0.0202089 0.451321 9.9964E-05 9.9964E-05 9.9964E-05 9.9964E-05 0.52807
9.9964E-05 0.122561 9.9964E-05 0.465025 9.9964E-05 0.412014 9.9964E-05
0.030844 0.261773 9.9991E-05 0.223987 0.0784944 0.0641523 0.340649
0.264202 0.0210581 9.9982E-05 0.0408921 0.458214 0.215433 9.9982E-05
9.9982E-05 0.246112 0.492836 0.0807499 0.00797676 0.172125 9.9982E-05
0.153163 9.9982E-05 0.30985 0.155484 9.9982E-05 0.176023 0.20528
9.9973E-05 0.241784 0.177034 0.477997 0.102885 9.9973E-05 9.9973E-05
0.145299 9.9982E-05 0.0377799 0.14454 0.0378282 0.634353 9.9982E-05
0.157239 0.0127478 0.0810385 0.268664 9.9982E-05 0.48011 9.9982E-05
0.435768 0.533362 0.0130036 0.0175658 9.9973E-05 9.9973E-05 9.9973E-05
0.273391 0.00947876 0.458217 0.0516454 9.9991E-05 0.171653 0.0355154
0.191598 9.9991E-05 0.284275 0.160996 0.0543954 0.0636392 0.244996
0.0274287 9.9973E-05 0.615456 9.9973E-05 0.00570418 9.9973E-05 0.351111
9.9982E-05 0.23348 0.00542728 9.9982E-05 0.171981 0.0632147 0.525697
0.863314 9.9964E-05 9.9964E-05 9.9964E-05 0.0162278 0.120058 9.9964E-05
0.167576 9.9982E-05 0.215087 0.137871 0.382395 0.0968711 9.9982E-05
0.487898 9.9955E-05 9.9955E-05 9.9955E-05 9.9955E-05 0.511602 9.9955E-05
0.220939 9.9973E-05 0.399704 0.347799 0.0312581 9.9973E-05 9.9973E-05
9.9982E-05 0.0891752 9.9982E-05 0.132154 0.334101 0.402107 0.0422638
9.9982E-05 0.164254 9.9982E-05 0.342193 0.123592 0.112358 0.257404
9.9973E-05 9.9973E-05 9.9973E-05 0.0817198 0.135842 0.270658 0.51148
0.243068 0.265877 0.00179482 0.375148 9.9991E-05 0.102628 0.0113839
0.0354147 0.251138 0.167017 0.0142725 0.0135119 0.28479 0.233856
0.0154804 9.9973E-05 0.182697 9.9973E-05 9.9973E-05 0.217974 0.583548
9.9982E-05 9.9982E-05 0.458294 0.0585017 0.239953 0.0147817 0.228269
0.52268 9.9964E-05 0.00362571 9.9964E-05 0.473294 9.9964E-05 9.9964E-05
9.9982E-05 0.0384909 0.0846997 9.9982E-05 0.0389732 0.733409 0.104227
0.0168988 9.9991E-05 0.190445 0.164541 0.398179 0.197874 0.0319624
0.383271 0.329557 0.191024 9.9973E-05 0.0958485 9.9973E-05 9.9973E-05
0.00475333 0.390995 0.493127 9.9973E-05 9.9973E-05 9.9973E-05 0.110825
9.9982E-05 0.136472 0.349605 0.00382999 0.0252012 9.9982E-05 0.484692
9.9973E-05 9.9973E-05 0.208198 0.218126 0.343448 9.9973E-05 0.229928
9.9964E-05 9.9964E-05 9.9964E-05 9.9964E-05 0.294846 0.270018 0.434736
0.160981 0.0402113 0.247184 0.420745 9.9991E-05 0.124143 0.00663553
0.0389087 0.0305588 0.0147693 0.180795 0.248902 0.363036 0.123031
9.9973E-05 9.9973E-05 9.9973E-05 0.200454 0.278597 0.210665 0.309984
0.338703 9.9973E-05 0.221167 0.31507 9.9973E-05 9.9973E-05 0.124761
0.461645 0.0259861 0.175832 9.9973E-05 9.9973E-05 0.336237 9.9973E-05
0.37732 0.146321 9.9982E-05 0.110986 9.9982E-05 0.236091 0.129082
0.00201581 0.0291971 0.142414 0.109411 0.0181283 0.297514 0.40132
0.178533 0.382415 0.228626 9.9982E-05 0.0155737 0.194652 9.9982E-05
9.9982E-05 0.430783 9.9982E-05 0.304509 0.141693 0.0132918 0.109523
9.9982E-05 0.360722 0.113162 9.9982E-05 0.215757 0.0796552 0.230505
0.131063 0.371249 0.313547 0.0072127 0.0193046 9.9991E-05 0.157523
9.9973E-05 0.248797 9.9973E-05 0.303822 9.9973E-05 0.128712 0.318369
0.180773 9.9982E-05 9.9982E-05 0.560083 0.132146 0.100257 0.0265411
0.0375962 0.260715 9.9982E-05 0.402876 0.225612 0.0730013 9.9982E-05
0.101135 0.217133 0.128568 0.121567 0.431398 9.9982E-05 9.9982E-05
9.9982E-05 0.177159 0.186453 0.327118 0.00786959 0.301201 9.9982E-05
0.0365424 9.9973E-05 0.0156467 0.318976 9.9973E-05 0.628535 9.9973E-05
0.0493882 9.9973E-05 9.9973E-05 0.0137107 0.898659 9.9973E-05 0.0379422
0.0131349 9.9964E-05 0.825735 0.160731 9.9964E-05 9.9964E-05 9.9964E-05
9.9982E-05 0.184449 0.379837 0.287046 0.139034 9.9982E-05 0.00943391
0.26353 0.258219 9.9973E-05 0.409885 9.9973E-05 0.0680666 9.9973E-05
0.308793 0.147467 0.257185 0.221658 9.9982E-05 0.0646974 9.9982E-05
0.11887 9.9982E-05 9.9982E-05 0.346974 0.186861 0.23612 0.110976
9.9973E-05 0.213325 9.9973E-05 0.183647 0.203021 9.9973E-05 0.399708
0.31149 0.54824 9.9964E-05 0.13987 9.9964E-05 9.9964E-05 9.9964E-05
9.9973E-05 9.9973E-05 9.9973E-05 0.0962806 0.438337 0.178435 0.286648
9.9973E-05 0.237122 0.185528 0.241477 9.9973E-05 9.9973E-05 0.335573
9.9964E-05 0.141766 0.303031 9.9964E-05 9.9964E-05 9.9964E-05 0.554803
0.620326 0.202495 9.9964E-05 0.176779 9.9964E-05 9.9964E-05 9.9964E-05
9.9982E-05 0.0170202 0.176668 0.273843 0.282366 0.249903 9.9982E-05
0.0656883 0.0612007 9.9973E-05 9.9973E-05 0.047525 9.9973E-05 0.825286
9.9973E-05 9.9973E-05 0.19066 0.0752234 0.465697 9.9973E-05 0.268119
0.432038 9.9964E-05 0.128645 9.9964E-05 0.438918 9.9964E-05 9.9964E-05
0.214299 0.0854963 0.0137879 0.613107 9.9982E-05 0.0731096 9.9982E-05
9.9973E-05 0.0987843 9.9973E-05 0.220946 0.414631 0.265339 9.9973E-05
0.018078 0.108386 0.352357 0.520879 9.9973E-05 9.9973E-05 9.9973E-05
9.9973E-05 0.0291852 0.610129 0.296175 0.0642115 9.9973E-05 9.9973E-05
9.9973E-05 9.9973E-05 0.0555854 0.206157 0.56615 9.9973E-05 0.171807
9.9991E-05 0.167299 0.0945331 0.22119 0.230404 0.212465 0.0740078
0.163869 0.191804 9.9991E-05 0.131647 0.0663182 0.21937 0.226893
9.9982E-05 0.212413 0.117898 0.0459517 9.9982E-05 0.342918 0.28062
0.283317 0.486031 9.9964E-05 0.230251 9.9964E-05 9.9964E-05 9.9964E-05
0.217565 0.011346 9.9982E-05 0.141678 9.9982E-05 0.261586 0.367625
9.9964E-05 9.9964E-05 0.531682 0.311686 9.9964E-05 9.9964E-05 0.156231
9.9982E-05 0.258024 0.43509 9.9982E-05 0.112373 0.143177 0.0511375
0.383455 9.9964E-05 9.9964E-05 0.447507 0.168639 9.9964E-05 9.9964E-05
0.146286 0.391587 0.232392 9.9973E-05 0.229435 9.9973E-05 9.9973E-05
9.9973E-05 0.38689 9.9973E-05 0.45483 9.9973E-05 0.0752681 0.0827124
0.224099 9.9991E-05 0.0432935 0.0989244 0.334215 0.229849 0.0695182
0.196056 0.379113 0.253264 0.171267 9.9973E-05 9.9973E-05 9.9973E-05
9.9982E-05 0.394012 9.9982E-05 0.0796524 0.0843861 0.178503 0.263247
0.0255589 9.9982E-05 0.20984 0.312721 0.299828 0.151853 9.9982E-05
0.0681367 0.307422 9.9982E-05 0.0259677 0.396827 0.201446 9.9982E-05
0.147249 0.210257 9.9982E-05 9.9982E-05 0.551193 0.0892842 0.00181759
9.9973E-05 9.9973E-05 0.277883 9.9973E-05 0.189301 0.0568065 0.475709
0.267609 9.9982E-05 0.341407 0.0302722 0.29252 9.9982E-05 0.0679921
0.286377 9.9991E-05 0.355743 0.0813459 0.126818 0.00483136 0.144785
0.47061 0.192747 0.0524861 9.9982E-05 9.9982E-05 0.274421 0.0095364
9.9973E-05 0.226472 9.9973E-05 0.0285253 9.9973E-05 0.467771 0.276932
9.9991E-05 0.086932 0.289796 0.144177 0.21454 0.245849 0.018606
0.215161 0.0121713 9.9991E-05 0.012876 0.136689 0.251206 0.371797
