0.168305 0.283286 0.25768 0.203651 0.0870783
0.134542 0.221132 0.206589 9.9991E-05 0.437637
0.00559402 9.9991E-05 0.323218 0.59215 0.0789376
0.147892 0.380673 0.03858 0.432755 9.9991E-05
0.30353 0.18915 0.27279 0.150247 0.0842828
9.999E-05 0.22058 0.300315 0.12598 0.353025
9.9973E-05 9.9973E-05 9.9973E-05 0.273738 0.725962
0.489211 0.107075 0.398907 9.9991E-05 0.00470731
0.00628811 0.409126 0.247592 0.296692 0.0403024
9.999E-05 0.269602 0.182277 0.520998 0.0270225
0.185439 0.617447 0.0775333 9.9991E-05 0.11948
9.9982E-05 0.308674 9.9982E-05 0.163865 0.527261
0.250409 9.9991E-05 0.0386617 0.612177 0.0986518
0.0849003 0.263569 0.329721 0.220707 0.101103
0.192187 0.269888 0.130237 0.359509 0.0481778
0.107225 0.230483 0.557791 0.104402 9.9991E-05
9.9982E-05 0.215789 0.278478 0.505534 9.9982E-05
0.144759 0.561147 9.9982E-05 0.293895 9.9982E-05
0.053338 9.9991E-05 0.235883 0.203838 0.506841
0.21972 0.295626 0.136355 0.315075 0.0332235
9.999E-05 0.265092 0.24165 0.25904 0.234117
9.9982E-05 0.408969 0.339658 0.251174 9.9982E-05
0.00221439 9.9982E-05 9.9982E-05 0.574924 0.422661
0.167053 0.329622 0.503126 9.9982E-05 9.9982E-05
0.00018801 0.000926111 0.523427 0.245918 0.229541
0.325576 0.186995 0.124193 0.230761 0.132475
0.382065 9.9991E-05 0.230625 0.15138 0.235831
0.444659 9.9991E-05 0.139936 0.0156432 0.399661
0.389945 0.100134 0.450824 0.0589964 9.9991E-05
0.160615 0.169155 0.239373 0.0889363 0.341921
0.198762 0.424392 0.299839 0.0769061 9.9991E-05
0.0141184 0.325372 9.9991E-05 0.363709 0.2967
0.115102 0.357775 0.0227828 0.359709 0.144631
9.9991E-05 0.167189 0.347847 0.344033 0.140831
0.0713748 0.245525 0.0620533 0.289554 0.331492
0.380838 0.21867 9.9991E-05 0.391124 0.00926842
0.167935 0.225441 9.9991E-05 0.0100432 0.596481
0.136084 9.9991E-05 0.378004 0.216003 0.26981
0.0891315 9.9991E-05 0.0366366 0.307979 0.566153
0.0572274 0.645057 0.233588 0.0640276 9.9991E-05
0.0374432 0.14704 0.224648 0.590768 9.9991E-05
0.0284401 0.784995 0.0731528 9.9991E-05 0.113312
0.231776 0.331189 0.0994437 0.105745 0.231846
0.313318 0.21056 0.22203 0.253992 9.9991E-05
0.136091 0.16943 0.238841 0.0640722 0.391565
0.476722 9.9973E-05 9.9973E-05 9.9973E-05 0.522978
0.501859 0.0069073 9.9982E-05 0.491034 9.9982E-05
0.0812588 0.053242 0.479073 0.142118 0.244308
0.257164 0.363255 0.218707 0.160773 9.9991E-05
9.9982E-05 0.790834 0.127422 0.081544 9.9982E-05
0.388246 0.208762 0.106859 9.9991E-05 0.296033
9.9982E-05 9.9982E-05 0.349696 0.452384 0.197721
0.000762157 0.498937 0.138135 0.302659 0.0595072
0.27461 0.107831 9.9991E-05 0.212089 0.40537
9.9991E-05 0.060492 0.232709 0.336343 0.370356
0.236108 9.9982E-05 0.26274 0.500953 9.9982E-05
0.317654 0.16217 0.105724 0.18184 0.232612
0.341113 0.105486 9.9982E-05 9.9982E-05 0.553201
9.9991E-05 0.119516 0.142253 0.163133 0.574998
9.9991E-05 0.0429092 0.45811 0.0642611 0.43462
0.364597 0.259925 0.100281 0.0712607 0.203937
9.9982E-05 0.206534 9.9982E-05 0.569263 0.224003
9.9982E-05 0.52081 0.0951082 0.383882 9.9982E-05
9.9982E-05 0.0303724 0.186599 9.9982E-05 0.782828
0.310201 0.26143 0.00911138 0.197019 0.222239
9.9991E-05 0.276657 0.303104 0.00752843 0.412611
0.415662 0.0104993 0.532025 0.0387497 0.00306318
0.205447 0.219454 0.388557 0.186442 9.9991E-05
0.50021 9.9991E-05 0.269663 0.177151 0.0528758
9.9982E-05 9.9982E-05 0.580621 0.390663 0.0285157
0.515176 9.9982E-05 0.223467 9.9982E-05 0.261157
9.9973E-05 9.9973E-05 9.9973E-05 0.370504 0.629196
0.64899 9.9982E-05 9.9982E-05 0.0249002 0.32591
0.35825 9.9991E-05 0.0565206 0.157719 0.42741
0.150237 0.394825 9.99826E-05 9.99826E-05 0.454738
9.9982E-05 0.364167 0.379872 0.255761 9.9982E-05
0.246183 0.181433 0.161975 0.410309 9.9991E-05
0.27118 0.54286 9.9991E-05 0.0628124 0.123048
0.36325 0.10021 0.13989 0.0114952 0.385155
0.720211 9.9991E-05 0.0186339 0.169894 0.0911609
0.151483 0.223744 0.326407 0.109564 0.188802
0.451228 0.0231667 0.22673 9.9991E-05 0.298775
0.0362036 0.149329 0.296431 0.124188 0.393849
0.566211 0.137325 0.255597 0.0407674 9.9991E-05
9.9991E-05 0.256276 0.0657842 0.415102 0.262738
0.475471 0.0156185 0.424627 0.0841839 9.9991E-05
0.0729498 0.562576 9.9991E-05 0.204215 0.160159
0.403303 0.0614877 0.197296 0.337813 9.9991E-05
0.0211796 0.416247 0.386712 0.161234 0.0146264
0.434118 0.050025 0.0653674 0.249502 0.200988
9.9991E-05 0.361829 0.0537821 0.311228 0.273061
0.409449 9.9982E-05 0.123004 0.467347 9.9982E-05
0.25093 9.9991E-05 0.145544 0.202635 0.400792
0.111672 0.214332 0.181345 0.338188 0.154463
0.54437 0.0744927 9.9982E-05 0.380938 9.9982E-05
0.593261 0.333834 9.9991E-05 0.0607107 0.0120943
9.9991E-05 0.247755 0.370653 0.353705 0.0277868
0.274819 9.9991E-05 0.0187458 0.208614 0.497721
0.410057 0.351954 9.9991E-05 0.13913 0.0987587
0.0825456 9.9991E-05 0.64585 0.19132 0.0801845
9.9982E-05 0.148734 0.396543 0.454523 9.9982E-05
9.9982E-05 9.9982E-05 0.36286 0.310551 0.326388
0.0770263 0.227455 0.224605 0.260249 0.210665
0.217636 9.9991E-05 0.466942 0.117513 0.197808
9.9982E-05 0.289447 9.9982E-05 0.208545 0.501807
0.200974 9.9991E-05 0.436487 0.207646 0.154793
9.9991E-05 0.234766 0.524253 0.221534 0.019347
0.329491 0.324119 9.9982E-05 9.9982E-05 0.34619
0.0708129 0.286288 0.492169 0.15063 9.9991E-05
0.453208 0.111739 0.241554 0.0255721 0.167928
9.9991E-05 0.490578 0.00390761 0.415226 0.0901883
9.9991E-05 0.336378 0.389252 0.192104 0.0821668
0.212432 0.165265 0.409366 9.9991E-05 0.212837
9.9991E-05 0.0316699 0.538408 0.0109519 0.41887
0.180235 9.9991E-05 0.0994876 0.599241 0.120937
0.0178918 0.200736 0.534722 0.222156 0.0244948
0.0500961 0.198806 0.420775 0.310136 0.0201875
0.292482 0.118881 0.350493 9.9991E-05 0.238044
9.9982E-05 0.389185 9.9982E-05 0.117086 0.493529
0.145027 0.0287693 0.124934 0.373997 0.327273
0.412819 0.323812 9.9982E-05 9.9982E-05 0.263169
0.412623 0.196532 0.228621 9.9991E-05 0.162123
0.316249 0.23706 0.365384 0.0812077 9.9991E-05
0.369907 9.9991E-05 0.378259 0.120938 0.130796
0.145733 0.422716 0.111963 0.258844 0.0607441
0.16012 0.20645 0.0833217 0.299784 0.250324
9.9973E-05 9.9973E-05 0.664552 9.9973E-05 0.335149
0.0188936 0.255714 0.232325 0.122867 0.3702
0.217295 0.392506 0.023098 0.27763 0.0894708
0.426791 0.0467806 0.272665 0.162087 0.0916765
0.621365 9.9982E-05 0.277893 0.100542 9.9982E-05
9.9982E-05 0.265036 0.549458 9.9982E-05 0.185307
0.0205276 0.0281266 0.376354 0.0848845 0.490108
0.0697321 0.276481 0.535651 0.118035 9.9991E-05
0.0652254 0.550026 0.283759 0.100889 9.9991E-05
0.476108 0.356656 9.9982E-05 0.167036 9.9982E-05
0.183473 0.209516 0.221661 0.0613234 0.324026
0.197571 0.444395 9.9982E-05 9.9982E-05 0.357835
0.129441 0.335082 0.238453 0.244744 0.0522805
0.408929 0.416234 9.9982E-05 9.9982E-05 0.174637
0.0170206 9.9991E-05 0.239475 0.457814 0.28559
0.0211844 0.0365726 0.518413 0.42373 9.9991E-05
0.178275 9.99901E-05 0.406292 0.0582357 0.357098
0.295692 0.338803 0.0848795 0.280525 9.9991E-05
0.190734 9.9982E-05 9.9982E-05 0.512252 0.296813
0.279975 0.385573 9.9982E-05 0.334252 9.9982E-05
0.439893 0.125956 9.9991E-05 0.0268883 0.407163
0.621353 0.378347 9.9973E-05 9.9973E-05 9.9973E-05
9.9973E-05 0.250846 9.9973E-05 9.9973E-05 0.748854
0.505405 0.173263 0.235026 0.0862061 9.9991E-05
0.713353 9.9973E-05 0.286347 9.9973E-05 9.9973E-05
0.0506814 0.0392644 0.308137 0.31799 0.283927
0.446028 0.00135321 0.0400567 0.512463 9.9991E-05
0.100646 0.723152 0.0513319 0.0522949 0.0725751
0.0233491 9.9991E-05 0.250619 0.560488 0.165444
0.134038 0.292431 9.9991E-05 0.391122 0.18231
0.157014 0.456975 9.9982E-05 0.385811 9.9982E-05
0.120345 0.409058 0.178373 0.292124 9.9991E-05
0.0761055 0.201243 0.399572 0.32298 9.9991E-05
0.222395 9.9991E-05 0.469953 0.021281 0.286271
0.200863 0.243205 0.190109 0.0668149 0.299009
0.506291 0.0794798 9.9991E-05 0.111017 0.303112
9.9982E-05 9.9982E-05 0.795753 0.0201644 0.183883
0.233725 0.213728 0.00555532 9.9991E-05 0.546891
9.9982E-05 0.373803 9.9982E-05 0.362668 0.263329
0.16477 0.495476 0.339554 9.9982E-05 9.9982E-05
9.9982E-05 9.9982E-05 0.274156 0.370427 0.355218
0.3175 9.9991E-05 0.1886 0.215781 0.278019
0.0409002 0.178369 0.224529 0.502564 0.0536379
0.2906 9.9991E-05 0.052198 0.585305 0.0717962
0.348271 0.165692 0.121334 9.9991E-05 0.364602
0.534781 0.159998 0.0528236 9.9991E-05 0.252297
0.197584 9.9982E-05 9.9982E-05 0.33881 0.463406
0.0588208 0.210963 0.541764 9.9991E-05 0.188352
9.9982E-05 9.9982E-05 0.179158 0.400306 0.420336
0.338584 0.645086 0.01613 9.9982E-05 9.9982E-05
0.193606 0.277026 9.9991E-05 0.193635 0.335633
0.222688 0.439123 0.150219 0.18787 9.9991E-05
0.469125 0.202361 9.9982E-05 9.9982E-05 0.328314
0.322531 0.0212326 9.9991E-05 0.190153 0.465984
0.53931 0.219226 9.9991E-05 0.230138 0.011225
0.28999 9.9982E-05 0.610596 9.9982E-05 0.0992134
9.9982E-05 0.0163062 9.9982E-05 0.269375 0.714119
0.416382 0.479024 9.9982E-05 9.9982E-05 0.104394
0.419564 0.219115 0.361121 9.9982E-05 9.9982E-05
0.0763502 0.513674 9.9991E-05 0.388342 0.0215343
0.231904 0.289158 0.334322 0.0217316 0.122884
0.222108 0.40456 0.166509 0.206723 9.9991E-05
0.467795 9.9982E-05 9.9982E-05 0.246419 0.285586
0.109341 0.53896 0.345839 9.9991E-05 0.00575996
9.9982E-05 9.9982E-05 0.359828 0.339672 0.3003
0.372705 0.419321 9.9991E-05 0.0217646 0.18611
9.9991E-05 0.332027 0.272377 0.3017 0.0937964
0.136978 9.9982E-05 0.130523 9.9982E-05 0.732299
0.00316598 0.453782 0.0917954 9.9991E-05 0.451156
0.596974 0.139613 9.9991E-05 0.109177 0.154136
9.9982E-05 0.271113 0.214516 9.9982E-05 0.514171
0.0340983 0.199207 0.302142 0.440031 0.0245225
0.118694 0.214319 0.387206 0.26992 0.00986073
0.479908 0.0738008 0.446091 9.9982E-05 9.9982E-05
0.213704 0.135681 0.254605 0.390651 0.00535957
0.186286 0.38801 0.172152 0.0914328 0.162119
9.9991E-05 0.210967 0.394918 0.24751 0.146504
0.329897 0.0562274 0.613676 9.9982E-05 9.9982E-05
9.9982E-05 0.166227 9.9982E-05 0.655505 0.178068
9.9982E-05 9.9982E-05 0.316614 0.273798 0.409388
0.373594 9.9991E-05 0.499564 0.0422207 0.0845208
0.0251781 0.223393 0.161859 0.384658 0.204912
9.9991E-05 0.331303 0.157929 0.414611 0.0960568
9.9982E-05 0.83486 0.083788 9.9982E-05 0.081152
0.215244 0.484684 0.167277 9.9991E-05 0.132694
0.257517 0.0910349 0.0230765 0.238629 0.389743
0.221241 0.158463 0.312168 0.308028 9.9991E-05
9.9973E-05 0.658401 0.341299 9.9973E-05 9.9973E-05
0.0831735 0.131713 0.175118 0.407493 0.202502
0.250506 0.221853 0.00288609 0.524656 9.9991E-05
0.0992204 9.9982E-05 0.0767898 0.82379 9.9982E-05
0.0112291 0.379357 0.325802 9.9991E-05 0.283512
9.9991E-05 0.23893 0.342077 0.300243 0.118651
0.523097 0.230756 9.9991E-05 0.064868 0.181179
0.242024 9.9991E-05 0.381103 0.200822 0.17595
0.445019 9.9982E-05 0.289488 9.9982E-05 0.265292
0.132542 0.41669 0.326277 9.9991E-05 0.124391
0.0215565 9.9991E-05 0.599267 0.199121 0.179956
0.00776081 0.593287 0.38126 0.0175915 9.9991E-05
0.0265159 0.399225 0.508994 0.0124469 0.0528173
0.327087 0.334311 0.283511 0.0549914 9.9991E-05
0.177474 9.9991E-05 0.00723595 0.599184 0.216006
0.0803535 0.275379 9.9991E-05 0.388484 0.255684
0.225145 0.260627 0.106841 0.120787 0.2866
9.9991E-05 0.459697 0.246292 0.180955 0.112956
0.323924 0.166867 0.0415315 0.329138 0.13854
0.367871 0.33776 0.0986398 0.195629 9.9991E-05
0.240773 0.101486 0.130232 0.147063 0.380446
0.141315 0.0758611 0.551573 9.9991E-05 0.23115
0.350785 0.164264 0.484751 9.9982E-05 9.9982E-05
0.173618 0.458998 0.148702 0.218024 0.000657463
0.176238 0.235631 0.256464 9.9991E-05 0.331567
0.0920059 0.26451 0.377725 9.9991E-05 0.26566
0.146707 0.279178 0.024744 0.520224 0.0291466
0.22915 0.230682 0.300274 9.9991E-05 0.239794
0.0992131 0.0715522 0.536859 0.00165802 0.290717
0.513718 9.9991E-05 0.0890738 0.210477 0.186631
0.653444 9.9973E-05 0.346256 9.9973E-05 9.9973E-05
0.283447 0.147541 0.238561 0.0755785 0.254873
0.284103 0.26068 9.9991E-05 0.140263 0.314854
0.415695 0.124207 9.9991E-05 0.214899 0.245099
0.263916 0.333991 9.9991E-05 0.056184 0.345809
9.9982E-05 0.133656 0.132842 0.733302 9.9982E-05
0.312843 0.499225 9.9982E-05 9.9982E-05 0.187732
