0.472551 0.115878 0.411571
0.470729 0.164112 0.36516
0.474724 9.9991E-05 0.525176
0.349462 0.161012 0.489526
0.20792 0.40202 0.390061
0.690153 9.9991E-05 0.309747
0.397388 0.352763 0.249849
0.285561 0.396174 0.318265
0.271902 0.507636 0.220461
0.43239 0.56751 9.9991E-05
0.109026 0.579445 0.311529
0.659514 9.9991E-05 0.340386
0.477965 0.171703 0.350331
0.00227464 0.144725 0.853001
0.266092 0.235086 0.498822
0.358036 0.351702 0.290262
9.9991E-05 0.326642 0.673258
9.9991E-05 0.369227 0.630673
0.484955 0.394847 0.120198
0.268636 0.445219 0.286145
0.701825 0.0186604 0.279514
0.210593 0.382349 0.407058
0.343127 0.500779 0.156094
0.31454 0.432759 0.2527
0.432678 0.163483 0.40384
0.0771579 0.423829 0.499014
0.147752 0.54916 0.303088
0.063067 0.144301 0.792632
0.584992 0.0122888 0.402719
0.722549 0.00841182 0.269039
0.413589 0.276802 0.309609
0.233007 0.626992 0.140001
0.28208 0.0783506 0.63957
0.377037 0.604457 0.0185061
0.39506 0.335885 0.269054
0.159971 9.9991E-05 0.839929
9.9991E-05 0.434566 0.565334
0.0890897 0.435402 0.475509
0.539546 0.301387 0.159066
0.135887 0.368952 0.49516
0.252738 0.577514 0.169748
0.345835 0.30886 0.345304
0.548792 0.369913 0.0812951
0.0711624 0.323556 0.605282
0.182215 0.530112 0.287672
0.311502 0.355562 0.332936
0.330167 0.248889 0.420943
9.9991E-05 0.639484 0.360416
0.363568 9.9991E-05 0.636332
0.0244408 0.515868 0.459691
0.363027 0.216329 0.420644
0.0746156 0.37721 0.548174
0.430184 0.0325553 0.537261
0.53621 0.46369 9.9991E-05
0.438695 0.408374 0.152931
0.620125 0.280711 0.099164
0.524408 9.9991E-05 0.475492
0.28276 0.232372 0.484867
0.471497 0.378196 0.150306
0.292379 0.123431 0.58419
0.374 0.479684 0.146316
0.349271 0.297581 0.353149
0.0690002 0.799346 0.131654
0.42019 0.140965 0.438845
0.228877 0.0592387 0.711884
0.207013 0.478502 0.314485
0.29516 0.280763 0.424077
0.185231 0.134891 0.679878
0.130463 0.666383 0.203153
0.49514 0.476879 0.0279809
0.254088 0.355864 0.390048
0.801604 0.0966915 0.101705
0.34005 0.107263 0.552687
0.106613 0.454424 0.438963
0.290888 0.221324 0.487788
9.9991E-05 0.648525 0.351375
0.455451 0.231604 0.312945
0.630867 9.9991E-05 0.369033
0.0784515 0.636721 0.284828
0.189101 0.720404 0.0904955
0.720541 0.0906254 0.188834
0.0106521 0.81311 0.176238
0.175141 0.339432 0.485426
0.20491 0.598439 0.196651
0.315429 0.354566 0.330005
0.819738 0.180162 9.9991E-05
0.675562 0.272892 0.0515459
0.504219 0.123633 0.372148
0.357926 0.435019 0.207055
0.0870791 0.673528 0.239392
0.241407 0.569833 0.18876
0.303876 0.535251 0.160873
0.441314 0.361909 0.196777
0.258823 0.581357 0.15982
0.0262045 0.355119 0.618677
0.95024 9.9991E-05 0.0496597
0.326186 0.316088 0.357727
0.439448 0.485836 0.0747161
0.620409 0.379491 9.9991E-05
0.259739 0.365359 0.374902
0.657827 0.117115 0.225058
0.376737 0.349837 0.273426
0.239844 0.377521 0.382636
0.357329 0.204296 0.438375
0.257229 0.221964 0.520807
0.253188 0.32807 0.418742
0.535095 0.205111 0.259795
0.595093 0.202354 0.202553
0.346817 0.37057 0.282613
0.44459 0.367704 0.187707
0.319961 0.508784 0.171256
0.298955 0.510457 0.190588
0.553283 9.9991E-05 0.446617
0.475954 0.100968 0.423077
0.114235 0.440313 0.445452
9.9991E-05 0.127479 0.872421
0.273525 0.562352 0.164123
0.133532 0.534002 0.332465
0.312783 0.431552 0.255665
0.228158 0.0150693 0.756773
0.192782 0.471836 0.335381
0.529854 0.231594 0.238552
0.479467 0.0834713 0.437062
0.5991 0.258358 0.142542
0.519802 0.284053 0.196145
0.702726 0.123049 0.174225
9.9991E-05 0.678381 0.321519
0.231715 0.492653 0.275632
0.15921 0.397037 0.443753
0.441932 0.180011 0.378057
0.363377 0.252899 0.383724
0.129107 0.633706 0.237187
0.227591 0.703075 0.069334
0.437729 0.403495 0.158776
0.404321 0.324061 0.271618
0.403505 0.256346 0.340149
0.424859 0.454723 0.120418
0.135536 0.341123 0.523341
0.380699 0.147858 0.471444
0.307506 0.111167 0.581327
0.0418349 0.47811 0.480055
0.381701 0.128428 0.489871
0.521852 9.9991E-05 0.478048
0.5336 0.4663 9.9991E-05
0.310061 0.419343 0.270596
0.227762 0.168392 0.603846
0.467706 0.229618 0.302676
0.410193 0.589468 0.000339488
0.56138 0.43852 9.9991E-05
0.312319 0.451619 0.236063
0.30464 0.458807 0.236553
0.365515 0.273632 0.360852
0.280923 0.300984 0.418093
0.145907 0.263768 0.590325
0.262971 0.259923 0.477106
0.324396 0.102741 0.572863
0.268561 0.300924 0.430515
0.416185 0.330432 0.253383
0.445947 0.346472 0.207581
0.406592 0.147926 0.445482
0.403001 0.16688 0.430119
0.187188 0.571189 0.241622
0.0296895 0.642336 0.327975
0.256759 0.523755 0.219486
0.686374 0.313526 9.9991E-05
0.249895 0.533872 0.216233
0.421546 0.490911 0.0875433
0.327112 0.595313 0.0775746
0.348956 0.463408 0.187636
0.337668 0.198112 0.46422
0.369119 0.140577 0.490304
0.293457 0.246008 0.460535
0.335396 0.195962 0.468642
0.596312 0.403588 9.9991E-05
0.0586251 0.353716 0.587659
0.351803 0.398476 0.249722
0.591912 0.130063 0.278025
0.550108 0.131056 0.318836
0.588103 0.207762 0.204135
0.204209 0.0334513 0.762339
0.490568 0.274967 0.234465
0.362161 0.403014 0.234825
0.579579 0.2216 0.198821
9.9991E-05 0.360806 0.639094
0.522545 0.477355 9.9991E-05
0.30985 0.557509 0.13264
0.273862 0.245026 0.481112
0.173028 0.140092 0.686879
0.539513 0.460387 9.9991E-05
0.26845 0.605228 0.126322
0.210069 0.280235 0.509696
0.504396 0.262859 0.232745
0.530976 0.377695 0.0913283
0.408977 0.14367 0.447353
0.525721 0.188405 0.285874
0.338183 0.240961 0.420856
0.433082 0.136535 0.430383
0.23077 0.0528236 0.716406
0.319969 0.0498365 0.630194
9.9991E-05 0.586682 0.413218
0.311284 0.318675 0.370041
0.279351 0.326172 0.394476
0.0954259 0.354209 0.550365
0.0103337 0.419994 0.569672
0.623784 0.159501 0.216715
0.642774 0.233486 0.12374
0.532597 0.396623 0.0707792
0.408051 0.399281 0.192669
0.140453 0.136642 0.722905
0.19869 0.305608 0.495702
9.9991E-05 0.633318 0.366582
0.36602 0.254796 0.379184
0.295007 0.231503 0.47349
0.121448 0.295658 0.582894
0.245206 0.392085 0.362709
0.470358 9.9991E-05 0.529542
0.0999271 0.422847 0.477226
0.445444 0.152029 0.402528
0.25724 0.458696 0.284065
0.267576 0.477026 0.255398
0.157485 0.526912 0.315603
0.318212 0.120849 0.560939
0.65623 0.0210929 0.322677
0.214663 0.440579 0.344757
0.129882 0.870018 9.9991E-05
0.128059 0.0084097 0.863532
0.225468 0.493847 0.280685
0.214327 9.9991E-05 0.785573
0.149635 0.644141 0.206225
9.9991E-05 0.700359 0.299541
0.449109 0.190075 0.360816
0.132885 0.56427 0.302845
0.426135 0.336563 0.237302
0.414701 0.126089 0.45921
0.284324 0.237489 0.478187
0.683635 0.0924878 0.223878
0.0923548 0.907545 9.9991E-05
0.235922 0.451251 0.312828
0.405343 0.268731 0.325926
0.332847 0.105119 0.562034
0.210548 0.23317 0.556283
0.433192 0.0734042 0.493404
0.305343 0.422129 0.272528
0.0492901 0.714418 0.236292
0.367739 0.632161 9.9991E-05
0.0133778 0.224674 0.761948
0.423372 0.313457 0.263172
0.593544 0.20693 0.199527
0.219745 0.552591 0.227664
0.50921 9.9991E-05 0.49069
