0.391559 0.293268 0.0287185 9.9991E-05 0.286355
9.999E-05 0.482869 0.00902926 0.163291 0.344711
0.291174 0.0441694 0.357407 0.0862544 0.220996
0.287648 9.9991E-05 0.273375 0.0951715 0.343705
0.104723 9.9991E-05 0.292118 0.306429 0.29663
0.0261656 0.504363 0.195443 0.0291142 0.244915
0.10624 0.418903 0.221377 0.25338 9.9991E-05
0.213427 0.407607 0.155196 0.117058 0.106712
0.215566 0.347816 9.9991E-05 0.227015 0.209503
9.9973E-05 0.42704 9.9973E-05 0.57266 9.9973E-05
0.025537 9.9991E-05 0.308993 0.489114 0.176256
0.165044 0.480384 0.166794 9.9991E-05 0.187678
9.9991E-05 0.180498 0.587307 0.000736705 0.231358
0.446615 9.9973E-05 9.9973E-05 9.9973E-05 0.553085
0.0449252 9.9991E-05 0.725595 0.170935 0.0584446
0.263581 0.130782 0.18552 0.192593 0.227523
9.9982E-05 9.9982E-05 0.295453 0.233295 0.471051
9.9982E-05 9.9982E-05 0.512134 0.270338 0.217328
0.334242 0.0598808 0.420542 0.185235 9.9991E-05
0.462261 9.9982E-05 0.34558 0.191959 9.9982E-05
0.28155 0.44905 0.0426051 9.9991E-05 0.226695
0.572562 0.0877959 0.0476134 0.0802463 0.211783
0.15899 0.257008 0.195761 0.0982867 0.289955
0.352496 0.187012 0.0406988 0.32221 0.0975837
0.256268 0.48533 0.155957 9.9991E-05 0.102345
0.16736 0.222945 0.109331 0.270164 0.2302
0.241695 9.9991E-05 0.494905 0.211031 0.0522688
9.9982E-05 9.9982E-05 0.228612 0.0733891 0.697799
0.23101 0.220464 0.344446 9.9991E-05 0.20398
9.9973E-05 0.525145 0.474555 9.9973E-05 9.9973E-05
0.379056 0.241097 0.144692 0.109498 0.125657
0.208443 0.118893 0.110939 0.561625 9.9991E-05
9.9991E-05 0.0210328 0.376126 0.149832 0.452908
0.0463357 0.346371 0.201733 0.359421 0.0461391
9.9982E-05 0.243082 0.476171 0.280547 9.9982E-05
0.136713 0.0145116 0.113799 9.9991E-05 0.734877
9.9982E-05 9.9982E-05 0.568836 0.12966 0.301304
0.0113472 9.9991E-05 0.139109 0.443188 0.406255
0.356853 0.291241 9.9991E-05 0.290611 0.0611952
0.481836 0.00584291 9.9991E-05 0.260683 0.251539
0.219546 0.101365 0.31459 0.326691 0.0378076
9.9991E-05 0.347819 0.242855 0.254715 0.154511
9.9991E-05 0.385281 0.286069 0.22752 0.101029
0.0939089 0.0782166 9.9991E-05 0.388338 0.439437
0.388411 0.116315 0.013724 0.212512 0.269037
0.177994 0.10051 0.174188 0.390618 0.156689
0.356458 0.30066 9.9991E-05 0.190284 0.152498
9.9973E-05 9.9973E-05 0.329054 0.670646 9.9973E-05
0.0967134 0.126845 0.23271 9.9991E-05 0.543632
0.10006 9.9991E-05 0.149308 0.549439 0.201093
0.63334 9.9991E-05 0.173923 0.136021 0.0566166
9.9991E-05 0.15575 0.0476051 0.3103 0.486245
0.0914306 0.111329 0.439841 9.9991E-05 0.3573
9.9982E-05 0.655752 0.0564988 0.28755 9.9982E-05
0.228184 0.196825 0.390309 0.184581 9.9991E-05
0.561823 0.298966 9.9991E-05 0.0535122 0.0855991
0.385243 0.266733 9.9982E-05 9.9982E-05 0.347824
0.430331 9.9982E-05 0.134448 9.9982E-05 0.435021
0.521766 0.173269 0.163581 0.141283 9.9991E-05
0.479392 0.0809124 0.00885234 0.0602127 0.370631
0.288929 0.360446 9.9991E-05 0.206986 0.14354
0.263314 0.100405 9.9991E-05 0.185928 0.450253
9.9991E-05 0.147522 0.186853 0.533032 0.132492
0.254155 0.199725 0.340647 9.9991E-05 0.205373
0.301086 9.9982E-05 0.184746 9.9982E-05 0.513968
9.9982E-05 0.450956 9.9982E-05 0.390429 0.158415
9.9991E-05 0.24315 0.36501 0.0734066 0.318333
0.220126 9.9982E-05 0.103384 9.9982E-05 0.676291
9.9991E-05 0.261227 0.240185 0.367037 0.131451
9.9973E-05 0.941977 9.9973E-05 9.9973E-05 0.0577232
0.159924 0.0967855 9.9991E-05 0.333315 0.409875
0.0307624 0.79141 0.136272 9.9991E-05 0.0414555
9.9982E-05 0.437681 9.9982E-05 0.000156371 0.561962
0.33931 9.9991E-05 0.332344 0.124161 0.204085
0.0208606 9.9991E-05 0.510099 0.309832 0.159109
0.00226787 0.128283 0.0106779 0.586254 0.272517
0.13057 0.340573 0.116474 0.00895734 0.403425
0.236797 0.528004 0.0706209 9.9991E-05 0.164478
0.062503 0.308526 9.9991E-05 0.408425 0.220446
0.299173 0.12443 0.128565 0.386669 0.0611632
0.451557 0.427088 0.0771646 9.9991E-05 0.0440904
9.9991E-05 0.251534 0.0286596 0.689961 0.0297453
0.222518 0.305759 0.0471661 0.2161 0.208457
0.130743 0.125503 0.366237 0.377416 9.9991E-05
0.284204 0.114825 0.294643 0.206157 0.100171
0.74343 0.237685 9.9982E-05 0.0186848 9.9982E-05
0.401174 0.463539 9.9982E-05 9.9982E-05 0.135087
0.203581 0.507976 9.9982E-05 9.9982E-05 0.288244
0.353689 0.182488 0.143228 0.260569 0.0600263
0.247891 9.9991E-05 0.427624 0.244198 0.0801867
0.314707 0.258937 9.9991E-05 0.288672 0.137584
0.158482 0.373245 9.9991E-05 0.428468 0.0397043
0.359327 0.371157 9.9991E-05 0.174301 0.0951149
0.132311 0.149985 0.451782 0.211928 0.0539942
0.179059 9.9991E-05 0.130914 0.228445 0.461481
0.295434 0.500781 0.203585 9.9982E-05 9.9982E-05
0.0505973 0.325569 9.9991E-05 0.378011 0.245722
9.9982E-05 0.364069 0.260831 0.3749 9.9982E-05
0.193759 0.545144 0.0639166 0.19708 9.9991E-05
9.9991E-05 0.284682 0.320422 0.272441 0.122355
0.512987 0.272651 0.165061 0.0492013 9.9991E-05
9.9991E-05 0.111127 0.579248 0.276776 0.0327498
0.19947 0.0887512 0.0319687 0.585972 0.093838
9.9991E-05 0.151752 0.657913 0.125167 0.0650679
0.20183 0.230603 9.9982E-05 9.9982E-05 0.567367
0.0450658 0.212752 0.144858 0.141152 0.456173
0.707583 9.9982E-05 9.9982E-05 0.10232 0.189898
0.176355 0.446666 0.37678 9.9982E-05 9.9982E-05
0.0100057 0.182462 0.522744 0.243247 0.0415411
0.655164 9.9982E-05 0.11486 0.229776 9.9982E-05
0.509293 0.134832 0.0458365 0.309939 9.9991E-05
9.9991E-05 0.524559 0.150775 0.31684 0.00772619
0.328254 0.139289 0.532257 9.9982E-05 9.9982E-05
0.107581 0.242144 0.280248 0.138504 0.231524
0.587497 9.9982E-05 9.9982E-05 0.284731 0.127572
9.9982E-05 9.9982E-05 0.183987 0.00316137 0.812651
0.505706 0.0171855 0.223079 0.253929 9.9991E-05
0.17286 0.0353832 0.510427 0.281229 9.9991E-05
0.11831 0.125294 0.439609 0.19764 0.119148
0.0376904 9.9991E-05 0.288038 0.0847262 0.589445
0.494612 9.9982E-05 9.9982E-05 0.260956 0.244232
9.9991E-05 0.456575 0.264515 0.227321 0.051489
0.174301 0.191619 9.9991E-05 0.0766585 0.557322
0.213663 0.388577 0.210147 0.187513 9.9991E-05
0.355753 0.207216 0.0767661 0.316033 0.0442329
0.451334 0.15711 0.391355 9.9982E-05 9.9982E-05
0.117088 0.0390179 9.9991E-05 0.686723 0.157071
0.244268 0.167836 0.133051 0.229399 0.225446
0.167515 0.0397425 0.242884 0.30644 0.243418
0.110706 0.254037 0.356965 0.106332 0.171959
0.03509 0.162998 0.532954 0.19803 0.0709273
9.9982E-05 0.436236 9.9982E-05 0.388126 0.175438
0.131285 0.10987 9.9982E-05 0.758645 9.9982E-05
0.234345 0.461978 9.9991E-05 0.101439 0.202138
0.174766 0.231901 0.132764 0.46047 9.9991E-05
0.345759 0.103482 0.124465 0.0365419 0.389752
0.0309127 0.391491 0.202802 0.352604 0.0221899
0.00659144 0.213509 0.0378381 0.231697 0.510365
0.292928 0.316597 9.9991E-05 0.0627429 0.327632
0.121797 0.432206 9.9982E-05 9.9982E-05 0.445797
0.106003 0.0239466 0.0227154 0.455513 0.391822
0.0411316 0.346698 0.306903 0.0146004 0.290666
9.9982E-05 0.471746 0.118151 9.9982E-05 0.409903
0.232497 0.437541 0.0553649 0.274497 9.9991E-05
0.0864859 0.176318 9.9991E-05 0.307554 0.429542
0.00784405 0.240868 0.174492 9.9991E-05 0.576696
0.222745 0.427633 0.207284 0.0200704 0.122269
0.180538 0.213901 0.38829 0.217172 9.9991E-05
0.00298763 0.57734 0.0626554 0.356917 9.9991E-05
0.247158 0.116486 0.141168 0.495089 9.9991E-05
0.267197 0.0527547 0.0457424 0.546257 0.0880488
0.190186 0.243825 0.226977 0.0860148 0.252997
0.314697 9.9991E-05 0.211299 0.275516 0.198387
0.28434 9.9991E-05 0.195095 0.1854 0.335065
0.480214 0.0353333 0.0432307 0.0816913 0.359531
0.255893 0.00893598 0.309642 0.0444504 0.381079
0.258449 9.9991E-05 0.244438 0.259786 0.237228
9.9982E-05 0.374234 9.9982E-05 0.418136 0.207429
0.239857 0.245719 0.120926 0.203777 0.189721
0.291834 0.226402 0.365077 9.9991E-05 0.116587
9.9982E-05 0.0352019 0.830381 0.134217 9.9982E-05
9.9991E-05 0.0105643 0.278088 0.673065 0.0381829
9.9991E-05 0.362266 0.16498 0.438432 0.0342225
0.249082 9.9982E-05 0.411054 0.339663 9.9982E-05
0.268034 0.362446 0.365723 0.00369639 9.9991E-05
0.226441 0.0256747 0.218961 0.350565 0.178359
0.379745 0.140777 0.17145 0.307928 9.9991E-05
0.431882 0.265401 9.9991E-05 0.240004 0.0626136
0.269887 0.389917 0.0507081 0.26909 0.0203984
0.320564 0.168791 0.411973 9.9991E-05 0.0985725
0.230247 0.154686 0.178646 0.0960333 0.340388
0.511771 0.170388 9.9991E-05 0.0575142 0.260226
9.9973E-05 9.9973E-05 0.62212 9.9973E-05 0.37758
0.0477565 0.686735 9.9991E-05 0.130973 0.134436
0.155045 0.279602 9.9991E-05 0.104461 0.460791
0.238483 0.258841 0.433299 0.0692768 9.9991E-05
0.327119 0.481692 9.9991E-05 0.0497797 0.141309
0.470982 0.0676105 0.375527 0.085781 9.9991E-05
9.9982E-05 0.607528 0.300688 9.9982E-05 0.0915841
0.0876876 0.0264524 0.621742 9.9991E-05 0.264018
9.9982E-05 0.449614 0.42465 0.125536 9.9982E-05
0.103876 0.243796 0.261554 0.304454 0.0863195
0.194829 0.335014 0.34533 0.113264 0.0115627
9.9982E-05 0.0911494 9.9982E-05 0.240227 0.668424
0.198802 0.307394 9.9982E-05 0.493604 9.9982E-05
0.271773 0.0831785 0.0523627 0.522494 0.0701917
0.498486 0.188675 9.9991E-05 0.0313913 0.281347
9.9991E-05 0.169941 0.263412 0.0835903 0.482956
9.9982E-05 0.69235 0.0911991 0.216251 9.9982E-05
0.489331 0.246766 9.9982E-05 0.263703 9.9982E-05
0.151521 0.175583 9.9991E-05 0.328841 0.343955
0.308312 0.0980752 0.0449433 0.191969 0.3567
9.9982E-05 0.596293 0.229741 0.173766 9.9982E-05
0.417793 9.9991E-05 0.319634 0.00362111 0.258852
0.156125 0.0801774 0.483033 9.9991E-05 0.280565
0.607104 9.9982E-05 0.17708 9.9982E-05 0.215616
0.231701 0.13768 0.237014 0.180873 0.212733
0.23032 0.0823271 0.0709032 9.9991E-05 0.61635
0.156767 0.125655 0.220604 0.0888088 0.408165
0.157448 9.9982E-05 9.9982E-05 0.702676 0.139675
0.435275 0.16407 0.0812109 0.113209 0.206235
0.27179 0.370171 9.9991E-05 0.0308112 0.327128
9.9991E-05 0.121079 0.250207 0.273587 0.355027
0.453574 9.9982E-05 9.9982E-05 0.332177 0.214049
0.562121 0.051091 0.386588 9.9982E-05 9.9982E-05
0.146574 0.318617 0.534609 9.9982E-05 9.9982E-05
0.338808 0.206633 0.0970181 0.342607 0.0149333
0.156209 0.320107 0.491457 0.0230765 0.00915043
0.0827972 0.030454 9.9982E-05 9.9982E-05 0.886549
0.12178 9.9991E-05 0.0931327 0.215106 0.569882
9.9991E-05 0.26698 0.0768398 0.319403 0.336677
0.632059 0.0397817 0.0614595 0.101602 0.165097
9.9982E-05 9.9982E-05 0.417445 0.19688 0.385475
0.0104631 9.9991E-05 0.569116 0.0241011 0.39622
0.101475 0.0574476 0.0632422 0.475192 0.302643
0.104249 0.23617 0.338464 9.9991E-05 0.321017
9.9991E-05 0.0202886 0.558285 0.124338 0.296989
0.0328879 0.298564 0.152731 0.23936 0.276457
0.461544 0.134185 0.0751782 0.198744 0.130349
0.0648509 0.342388 9.9991E-05 0.422991 0.16967
9.9991E-05 0.0743203 0.250663 0.413231 0.261686
0.195112 0.377647 0.0301117 9.9991E-05 0.397029
0.148017 0.557029 0.0825586 9.9991E-05 0.212295
9.9991E-05 0.222507 0.286814 0.264623 0.225955
0.0196485 0.0252129 9.9982E-05 0.954939 9.9982E-05
0.223802 9.9991E-05 0.370349 0.0410884 0.364661
9.9991E-05 0.294294 0.126424 0.508721 0.0704612
0.283116 9.9982E-05 0.431905 9.9982E-05 0.284778
0.228689 0.215954 9.9991E-05 0.402416 0.152841
0.13964 0.212507 9.9991E-05 0.587651 0.0601016
0.478423 0.136869 9.9991E-05 0.270879 0.113729
9.9991E-05 0.238016 0.245842 0.432691 0.0833506
0.209713 9.9991E-05 0.335489 0.412373 0.0423249
0.372539 0.0123906 0.263426 0.0589931 0.292651
0.0716221 9.9991E-05 0.428552 0.184844 0.314882
0.471199 0.106319 0.422282 9.9982E-05 9.9982E-05
0.0366693 0.271266 9.9982E-05 0.691864 9.9982E-05
0.185953 0.251035 0.0868927 0.228432 0.247687
0.264529 0.00431777 0.654897 0.0761564 9.9991E-05
0.40763 9.9982E-05 9.9982E-05 0.155244 0.436926
0.0500221 0.131359 0.123999 0.0800858 0.614534
0.692457 0.0736053 0.137376 9.9991E-05 0.0964621
0.273826 9.9982E-05 0.546007 0.179967 9.9982E-05
9.9991E-05 0.0547315 0.162971 0.532382 0.249816
0.192329 0.494273 0.000466785 0.312831 9.9991E-05
0.409981 9.9982E-05 0.0849639 9.9982E-05 0.504855
0.153134 0.304754 0.157554 0.221609 0.162948
0.657409 0.342291 9.9973E-05 9.9973E-05 9.9973E-05
0.410917 9.9991E-05 0.0921979 0.418042 0.0787422
0.124324 0.220214 0.289935 9.9991E-05 0.365427
