0.325209 0.297144 9.9955E-05 0.100846 0.0705032 9.9955E-05 9.9955E-05 0.205798 9.9955E-05 9.9955E-05
9.9946E-05 0.156286 9.9946E-05 9.9946E-05 9.9946E-05 0.674309 9.9946E-05 0.11105 0.0577561 9.9946E-05
9.9955E-05 0.0153903 0.0802741 9.9955E-05 0.502589 9.9955E-05 0.135171 0.266076 9.9955E-05 9.9955E-05
9.9955E-05 0.360178 0.236881 0.0944479 9.9955E-05 9.9955E-05 9.9955E-05 0.235087 0.0729066 9.9955E-05
9.9964E-05 0.137929 9.9964E-05 0.434579 9.9964E-05 9.9964E-05 0.052577 0.201876 0.149077 0.0235625
0.152731 0.392477 9.9955E-05 9.9955E-05 0.0581294 0.346057 9.9955E-05 0.0501064 9.9955E-05 9.9955E-05
9.9946E-05 9.9946E-05 9.9946E-05 9.9946E-05 9.9946E-05 0.0681447 0.620853 0.204987 9.9946E-05 0.105416
0.265499 0.0408758 9.9946E-05 0.0260495 9.9946E-05 9.9946E-05 0.666976 9.9946E-05 9.9946E-05 9.9946E-05
0.213698 0.204339 0.1886 0.00993808 0.18364 9.9991E-05 0.0315706 0.041534 0.0063293 0.120252
0.196681 0.0624658 9.9964E-05 0.00538065 0.644373 0.0880351 0.00266473 9.9964E-05 9.9964E-05 9.9964E-05
0.208999 9.9946E-05 0.240106 9.9946E-05 9.9946E-05 0.0640718 9.9946E-05 9.9946E-05 0.486223 9.9946E-05
9.9955E-05 0.0603098 0.00172585 9.9955E-05 9.9955E-05 0.570163 9.9955E-05 9.9955E-05 0.290435 0.0768662
9.9964E-05 9.9964E-05 9.9964E-05 9.9964E-05 0.0275405 0.0119557 0.167526 0.608319 0.0270925 0.157166
9.9946E-05 9.9946E-05 9.9946E-05 0.773853 0.0601672 0.00976102 9.9946E-05 9.9946E-05 0.155619 9.9946E-05
0.0248396 0.217425 0.0146135 9.9964E-05 0.167035 9.9964E-05 0.29513 9.9964E-05 9.9964E-05 0.280557
0.00247796 0.171971 0.128461 0.384906 9.9982E-05 9.9982E-05 0.126339 0.119173 0.0306987 0.0357734
9.9973E-05 0.00816144 9.9973E-05 9.9973E-05 0.495866 0.0288468 0.0592774 0.00873586 0.289531 0.109282
9.9946E-05 0.643201 0.0808662 9.9946E-05 9.9946E-05 9.9946E-05 0.0658769 9.9946E-05 0.209456 9.9946E-05
9.9946E-05 9.9946E-05 9.9946E-05 0.00425491 9.9946E-05 0.0163689 0.800299 0.178478 9.9946E-05 9.9946E-05
9.9937E-05 0.511908 9.9937E-05 9.9937E-05 9.9937E-05 9.9937E-05 0.0206149 9.9937E-05 0.466778 9.9937E-05
0.0371413 9.9955E-05 0.361644 0.390582 9.9955E-05 9.9955E-05 0.150871 9.9955E-05 0.0592615 9.9955E-05
0.109988 9.9955E-05 0.423886 0.0407001 0.164616 9.9955E-05 9.9955E-05 9.9955E-05 0.26031 9.9955E-05
9.9964E-05 0.0806334 9.9964E-05 9.9964E-05 9.9964E-05 0.312941 0.237425 0.0089241 0.16371 0.195967
9.9946E-05 9.9946E-05 9.9946E-05 0.018281 9.9946E-05 9.9946E-05 0.441132 0.0505814 0.489406 9.9946E-05
0.0237452 0.0274963 9.9964E-05 9.9964E-05 0.0434995 9.9964E-05 0.105456 0.217663 0.58174 9.9964E-05
0.0822022 9.9955E-05 0.198984 9.9955E-05 9.9955E-05 9.9955E-05 0.308948 9.9955E-05 0.326012 0.0833543
0.0133065 9.9964E-05 0.00526221 9.9964E-05 9.9964E-05 9.9964E-05 0.200298 0.40624 0.289202 0.0852908
9.99371E-05 0.110903 9.99371E-05 9.99371E-05 9.99371E-05 0.311439 9.99371E-05 9.99371E-05 0.576958 9.99371E-05
9.9955E-05 0.144993 9.9955E-05 9.9955E-05 0.427658 0.200626 0.102654 9.9955E-05 0.123569 9.9955E-05
9.9955E-05 0.112679 9.9955E-05 0.131046 9.9955E-05 0.185068 0.0607427 0.509965 9.9955E-05 9.9955E-05
0.398798 9.9955E-05 0.00119695 0.185769 9.9955E-05 9.9955E-05 9.9955E-05 9.9955E-05 0.398713 0.0150233
0.187705 0.293936 9.9955E-05 0.0636055 9.9955E-05 9.9955E-05 9.9955E-05 9.9955E-05 0.213001 0.241252
9.9955E-05 0.349343 9.9955E-05 0.0345293 0.196368 9.9955E-05 9.9955E-05 0.344951 9.9955E-05 0.0743098
0.0142051 9.9973E-05 9.9973E-05 0.064609 0.287428 0.0134224 9.9973E-05 0.28905 0.0212939 0.309692
9.9937E-05 9.9937E-05 9.9937E-05 9.9937E-05 0.313118 0.681629 9.9937E-05 9.9937E-05 0.00455328 9.9937E-05
9.9946E-05 0.473725 0.230286 9.9946E-05 9.9946E-05 9.9946E-05 0.227323 0.0680662 9.9946E-05 9.9946E-05
0.0676687 0.249425 0.190115 9.9964E-05 9.9964E-05 0.35704 9.9964E-05 0.0838135 9.9964E-05 0.0515384
0.15827 9.9955E-05 9.9955E-05 0.109538 9.9955E-05 0.127922 9.9955E-05 0.464836 0.138935 9.9955E-05
9.9946E-05 9.9946E-05 9.9946E-05 9.9946E-05 9.9946E-05 0.141468 0.182853 0.523426 9.9946E-05 0.151653
0.0103113 0.0257209 9.9973E-05 0.86021 0.0176962 9.9973E-05 0.0128379 0.0382589 0.0346648 9.9973E-05
9.9955E-05 9.9955E-05 0.323018 0.0879731 0.240867 9.9955E-05 0.346672 0.000970195 9.9955E-05 9.9955E-05
9.9964E-05 0.364536 9.9964E-05 0.188959 0.0219239 0.0165315 0.401168 9.9964E-05 9.9964E-05 0.00648125
0.0970807 0.255008 9.9964E-05 9.9964E-05 9.9964E-05 0.0363952 9.9964E-05 0.0839661 0.15908 0.36807
0.0938278 0.443291 9.9964E-05 9.9964E-05 9.9964E-05 9.9964E-05 0.0605767 0.241389 0.108688 0.0518276
0.206337 9.9955E-05 0.495494 9.9955E-05 0.0585681 9.9955E-05 0.103146 0.135955 9.9955E-05 9.9955E-05
0.0957318 9.9955E-05 9.9955E-05 0.0226227 9.9955E-05 0.820587 9.9955E-05 0.0212958 9.9955E-05 0.0392628
0.168572 9.9964E-05 0.432639 9.9964E-05 0.280866 9.9964E-05 9.9964E-05 0.0628708 0.0488358 0.00581678
0.13488 9.9946E-05 0.166427 9.9946E-05 9.9946E-05 9.9946E-05 0.372984 0.32511 9.9946E-05 9.9946E-05
9.9946E-05 9.9946E-05 0.135934 9.9946E-05 0.340381 9.9946E-05 0.188034 9.9946E-05 0.335052 9.9946E-05
9.9937E-05 9.9937E-05 9.9937E-05 0.283589 0.648797 9.9937E-05 0.0669147 9.9937E-05 9.9937E-05 9.9937E-05
0.00507153 0.109841 0.0485282 0.44439 9.9973E-05 0.177913 0.213819 0.000137109 9.9973E-05 9.9973E-05
9.9955E-05 9.9955E-05 9.9955E-05 0.00794963 0.398165 9.9955E-05 0.220736 0.117068 0.25558 9.9955E-05
9.9955E-05 9.9955E-05 0.199083 0.127333 0.091273 9.9955E-05 9.9955E-05 0.486439 9.9955E-05 0.0953721
0.0342127 9.9955E-05 0.603108 9.9955E-05 9.9955E-05 0.224741 9.9955E-05 0.0911958 9.9955E-05 0.0462418
0.132986 0.0655335 0.000316197 9.9973E-05 0.092199 9.9973E-05 0.0618433 0.19923 9.9973E-05 0.447593
0.400319 9.9946E-05 0.0767559 9.9946E-05 0.317726 9.9946E-05 9.9946E-05 0.204599 9.9946E-05 9.9946E-05
0.177205 9.9973E-05 0.0135006 9.9973E-05 0.071562 0.214887 0.0518081 9.9973E-05 0.328437 0.142301
0.00158982 9.9982E-05 0.224025 0.0124085 9.9982E-05 0.428266 0.0906948 0.0646884 0.00715774 0.17097
0.450542 0.256571 9.9955E-05 0.0188909 9.9955E-05 0.0870978 9.9955E-05 9.9955E-05 9.9955E-05 0.186399
0.613586 9.9937E-05 9.9937E-05 0.301807 9.9937E-05 9.9937E-05 0.0839074 9.9937E-05 9.9937E-05 9.9937E-05
9.9946E-05 9.9946E-05 9.9946E-05 0.0407043 9.9946E-05 0.191246 0.257817 9.9946E-05 9.9946E-05 0.509633
9.99505E-05 0.297664 0.4176 9.99505E-05 0.0744692 9.99505E-05 9.99505E-05 9.99505E-05 9.99505E-05 0.209667
0.0019928 0.643701 9.9955E-05 0.144916 0.154309 9.9955E-05 0.0545813 9.9955E-05 9.9955E-05 9.9955E-05
9.9946E-05 9.9946E-05 9.9946E-05 0.0162368 9.9946E-05 0.419676 0.518415 0.045073 9.9946E-05 9.9946E-05
9.9946E-05 9.9946E-05 0.599632 9.9946E-05 0.0517493 9.9946E-05 9.9946E-05 0.201944 9.9946E-05 0.146075
9.9955E-05 0.00612778 0.0665415 0.342301 9.9955E-05 0.398126 9.9955E-05 9.9955E-05 0.186404 9.9955E-05
9.9946E-05 9.9946E-05 0.0567876 9.9946E-05 9.9946E-05 9.9946E-05 0.604241 0.235367 0.103004 9.9946E-05
9.9955E-05 0.562323 9.9955E-05 9.9955E-05 0.157817 9.9955E-05 0.109951 9.9955E-05 0.00505248 0.164357
0.365448 0.063828 9.9964E-05 0.193911 0.0743332 0.124485 9.9964E-05 9.9964E-05 0.177595 9.9964E-05
0.209341 9.9955E-05 9.9955E-05 0.038529 0.131598 9.9955E-05 0.474169 0.145863 9.9955E-05 9.9955E-05
0.328534 9.9937E-05 9.9937E-05 9.9937E-05 9.9937E-05 0.161516 9.9937E-05 9.9937E-05 9.9937E-05 0.509251
0.0351473 0.661506 9.9946E-05 9.9946E-05 9.9946E-05 9.9946E-05 0.167152 9.9946E-05 9.9946E-05 0.135595
0.524775 9.9946E-05 9.9946E-05 9.9946E-05 9.9946E-05 0.0657424 9.9946E-05 0.0413772 9.9946E-05 0.367506
0.133903 0.129117 0.0919309 9.9964E-05 0.000372751 0.339594 9.9964E-05 9.9964E-05 9.9964E-05 0.304683
9.9928E-05 0.704436 9.9928E-05 9.9928E-05 9.9928E-05 0.294765 9.9928E-05 9.9928E-05 9.9928E-05 9.9928E-05
0.0418086 0.226272 9.9946E-05 9.9946E-05 0.358974 0.372346 9.9946E-05 9.9946E-05 9.9946E-05 9.9946E-05
0.0669907 0.153269 0.0530736 0.0467824 0.198745 9.9973E-05 9.9973E-05 9.9973E-05 0.421201 0.0596387
9.9964E-05 0.277675 9.9964E-05 0.238414 0.146504 0.287306 9.9964E-05 0.02204 0.0276611 9.9964E-05
9.9946E-05 0.206605 9.9946E-05 9.9946E-05 9.9946E-05 9.9946E-05 0.0935643 9.9946E-05 0.527593 0.171638
9.9946E-05 0.520602 0.21208 9.9946E-05 9.9946E-05 9.9946E-05 9.9946E-05 0.204507 0.0622122 9.9946E-05
0.0587574 9.9964E-05 9.9964E-05 0.0540264 0.0833524 0.490816 9.9964E-05 0.094749 9.9964E-05 0.217899
0.29112 0.134389 0.0231923 0.234851 9.9982E-05 9.9982E-05 0.135788 0.00207098 0.125367 0.053023
9.9937E-05 9.9937E-05 9.9937E-05 9.9937E-05 0.000491405 9.9937E-05 9.9937E-05 0.701079 0.29773 9.9937E-05
0.193275 0.563703 0.0191008 9.9955E-05 9.9955E-05 0.0226516 9.9955E-05 9.9955E-05 9.9955E-05 0.20077
9.996E-05 9.996E-05 0.1855 0.106618 9.996E-05 0.108734 9.996E-05 0.308246 0.109931 0.180572
9.9955E-05 0.243406 9.9955E-05 0.0266174 9.9955E-05 9.9955E-05 0.383769 0.2756 0.0701079 9.9955E-05
9.9955E-05 9.9955E-05 0.0923325 9.9955E-05 0.335885 0.490853 0.0502371 9.9955E-05 9.9955E-05 0.0301926
0.0803083 9.9973E-05 0.00934455 0.0682909 0.0802839 9.9973E-05 9.9973E-05 0.0399745 0.157397 0.564101
9.9946E-05 9.9946E-05 9.9946E-05 0.657747 0.0295137 9.9946E-05 9.9946E-05 0.218015 0.0941238 9.9946E-05
0.0974196 0.141558 0.625556 9.9955E-05 9.9955E-05 9.9955E-05 0.0953281 9.9955E-05 0.0396393 9.9955E-05
9.9964E-05 9.9964E-05 0.0908338 0.451614 0.154958 0.15133 9.9964E-05 0.0371437 0.113722 9.9964E-05
9.9946E-05 9.9946E-05 9.9946E-05 9.9946E-05 0.177003 9.9946E-05 9.9946E-05 0.111876 0.000316585 0.710205
0.028713 0.189198 0.0116659 9.9964E-05 9.9964E-05 0.265687 0.477333 0.0270034 9.9964E-05 9.9964E-05
9.9973E-05 0.0298996 9.9973E-05 9.9973E-05 0.510533 0.00974265 0.16288 0.047806 0.0392319 0.199607
9.9955E-05 0.169691 0.146461 9.9955E-05 0.172842 9.9955E-05 9.9955E-05 0.324587 0.185919 9.9955E-05
9.9946E-05 0.0850945 9.9946E-05 0.137845 9.9946E-05 9.9946E-05 0.0720184 9.9946E-05 0.704442 9.9946E-05
9.995E-05 9.995E-05 9.995E-05 0.189089 0.319751 9.995E-05 0.0788652 0.0327099 0.379086 9.995E-05
0.00364798 0.270373 0.0312928 0.000899417 9.9964E-05 0.164317 9.9964E-05 0.52907 9.9964E-05 9.9964E-05
9.9982E-05 0.168236 0.285917 0.333261 9.9982E-05 0.00120298 0.0670597 0.0876604 0.0489257 0.0075376
0.286859 9.9946E-05 0.353964 9.9946E-05 9.9946E-05 9.9946E-05 0.175891 0.182686 9.9946E-05 9.9946E-05
0.364977 9.9928E-05 9.9928E-05 9.9928E-05 0.634224 9.9928E-05 9.9928E-05 9.9928E-05 9.9928E-05 9.9928E-05
9.9946E-05 0.287455 9.9946E-05 9.9946E-05 0.257923 9.9946E-05 0.182036 0.271987 9.9946E-05 9.9946E-05
0.538924 9.9946E-05 0.0881955 9.9946E-05 0.265666 0.106615 9.9946E-05 9.9946E-05 9.9946E-05 9.9946E-05
0.485715 9.9955E-05 9.9955E-05 9.9955E-05 9.9955E-05 9.9955E-05 0.147955 0.059703 0.0971661 0.208961
0.157619 0.114356 9.995E-05 9.995E-05 9.995E-05 0.199516 0.0697816 9.995E-05 9.995E-05 0.458229
9.9964E-05 0.450837 0.0535533 9.9964E-05 0.120879 9.9964E-05 0.264672 9.9964E-05 0.00150676 0.108152
0.0357457 9.9973E-05 9.9973E-05 0.440109 0.347277 9.9973E-05 0.0118494 0.0331727 0.0943584 0.0371874
9.9937E-05 9.9937E-05 9.9937E-05 0.227498 9.9937E-05 0.678879 9.9937E-05 0.0929231 9.9937E-05 9.9937E-05
0.425173 9.9937E-05 9.9937E-05 9.9937E-05 0.534327 0.0398002 9.9937E-05 9.9937E-05 9.9937E-05 9.9937E-05
0.533828 9.995E-05 9.995E-05 0.126567 0.00485205 0.0294756 9.995E-05 9.995E-05 0.304777 9.995E-05
9.9946E-05 9.9946E-05 9.9946E-05 0.0867021 0.105664 9.9946E-05 9.9946E-05 9.9946E-05 0.0645436 0.742491
0.0806362 9.9982E-05 0.165596 0.358198 0.229514 0.00443645 0.00902633 9.9982E-05 0.0974244 0.0549683
0.180869 9.9964E-05 9.9964E-05 0.0353685 9.9964E-05 0.000702819 9.9964E-05 0.24328 0.206128 0.333252
0.2578 9.9955E-05 9.9955E-05 9.9955E-05 0.323017 0.19678 0.110045 9.9955E-05 0.111858 9.9955E-05
0.0383441 0.406499 0.183748 9.9955E-05 0.30385 9.9955E-05 0.0670593 9.9955E-05 9.9955E-05 9.9955E-05
0.0383387 9.99729E-05 9.99729E-05 0.000997546 0.528409 9.99729E-05 0.210758 9.99729E-05 0.145313 0.0757841
0.115831 0.0431174 9.997E-05 0.163892 0.223107 0.0599132 0.0485497 9.997E-05 9.997E-05 0.34529
9.9973E-05 0.0373152 0.0242813 0.455635 0.0662846 0.0961525 0.123036 9.9973E-05 9.9973E-05 0.196996
9.9955E-05 9.9955E-05 9.9955E-05 0.000244435 0.459124 0.144335 0.206248 9.9955E-05 9.9955E-05 0.189549
9.9973E-05 9.9973E-05 0.0879452 0.0477182 0.171614 0.256402 9.9973E-05 0.0373192 0.32667 0.0720307
9.9946E-05 9.9946E-05 9.9946E-05 0.39707 9.9946E-05 0.169563 9.9946E-05 9.9946E-05 0.17618 0.256587
0.190824 0.126241 9.9973E-05 0.162449 9.9973E-05 0.245156 0.0778307 0.01388 0.18332 9.9973E-05
0.392239 9.996E-05 0.0864668 9.996E-05 0.149077 0.067283 9.996E-05 0.0795234 0.225011 9.996E-05
9.9937E-05 9.9937E-05 0.111136 9.9937E-05 9.9937E-05 9.9937E-05 0.622821 9.9937E-05 0.265343 9.9937E-05
9.9955E-05 0.404682 0.160959 9.9955E-05 0.290141 0.0304851 9.9955E-05 9.9955E-05 0.113233 9.9955E-05
9.9955E-05 9.9955E-05 0.278565 0.176582 9.9955E-05 0.00230309 0.0149806 0.527069 9.9955E-05 9.9955E-05
9.9928E-05 9.9928E-05 9.9928E-05 9.9928E-05 9.9928E-05 9.9928E-05 0.563057 9.9928E-05 0.436143 9.9928E-05
9.9982E-05 0.032616 0.159504 0.0117726 0.00550264 0.00563099 0.48628 0.119386 9.9982E-05 0.179108
9.9964E-05 9.9964E-05 0.224178 0.073813 0.16752 9.9964E-05 9.9964E-05 0.0202228 0.441552 0.0723137
0.417014 9.9928E-05 9.9928E-05 9.9928E-05 9.9928E-05 9.9928E-05 9.9928E-05 9.9928E-05 0.582187 9.9928E-05
0.473897 0.351549 0.0115645 9.9955E-05 9.9955E-05 9.9955E-05 9.9955E-05 0.129984 9.9955E-05 0.0325053
0.634812 9.9946E-05 9.9946E-05 0.148675 0.0965077 9.9946E-05 0.119406 9.9946E-05 9.9946E-05 9.9946E-05
0.308845 9.996E-05 0.107488 9.996E-05 0.152748 0.357081 0.0187447 9.996E-05 0.0546935 9.996E-05
0.119512 0.0608932 0.0827008 9.998E-05 0.239814 0.0627639 0.146132 9.998E-05 0.154694 0.13329
9.9973E-05 0.136424 9.9973E-05 0.451797 0.0913628 0.0245354 0.212864 0.0747586 9.9973E-05 0.00795845
9.99281E-05 9.99281E-05 0.146221 9.99281E-05 9.99281E-05 9.99281E-05 9.99281E-05 9.99281E-05 9.99281E-05 0.852979
9.9937E-05 9.9937E-05 0.197834 9.9937E-05 9.9937E-05 9.9937E-05 0.660863 9.9937E-05 0.140603 9.9937E-05
9.9964E-05 0.344462 0.0406826 9.9964E-05 0.0148644 0.253564 9.9964E-05 9.9964E-05 0.211666 0.134361
9.9964E-05 0.23884 0.14113 0.270436 9.9964E-05 9.9964E-05 9.9964E-05 0.175825 0.074094 0.099275
0.0407265 9.9955E-05 0.536626 9.9955E-05 9.9955E-05 9.9955E-05 9.9955E-05 0.0354708 0.258431 0.128246
0.208853 9.9964E-05 9.9964E-05 9.9964E-05 9.9964E-05 0.096253 0.0258154 0.000112494 0.347012 0.321554
9.9937E-05 9.9937E-05 9.9937E-05 9.9937E-05 0.587215 9.9937E-05 9.9937E-05 0.156162 0.255923 9.9937E-05
0.476108 9.9955E-05 9.9955E-05 0.246152 9.9955E-05 0.0190404 0.0412303 0.21697 9.9955E-05 9.9955E-05
0.388954 0.130869 0.223361 0.127353 0.0385094 9.9964E-05 9.9964E-05 0.0905535 9.9964E-05 9.9964E-05
0.0186671 9.9964E-05 0.263163 0.229535 9.9964E-05 0.122792 9.9964E-05 0.337575 9.9964E-05 0.027868
9.9946E-05 0.193788 0.516414 9.9946E-05 9.9946E-05 9.9946E-05 9.9946E-05 9.9946E-05 0.00620258 0.282996
9.9946E-05 9.9946E-05 9.9946E-05 0.139978 9.9946E-05 9.9946E-05 9.9946E-05 0.0815524 0.0780134 0.699857
9.9946E-05 9.9946E-05 0.445048 0.0312822 0.235143 9.9946E-05 9.9946E-05 9.9946E-05 0.287927 9.9946E-05
0.0225056 0.013051 0.311576 9.9973E-05 0.034765 0.578827 0.00633724 9.9973E-05 0.032638 9.9973E-05
9.9946E-05 9.9946E-05 0.13706 9.9946E-05 9.9946E-05 9.9946E-05 0.380431 9.9946E-05 0.28069 0.20122
0.375115 9.9946E-05 9.9946E-05 9.9946E-05 0.0362822 9.9946E-05 9.9946E-05 0.454662 9.9946E-05 0.133341
9.9937E-05 9.9937E-05 9.9937E-05 0.202853 9.9937E-05 9.9937E-05 9.9937E-05 0.230132 9.9937E-05 0.566315
9.9937E-05 0.529671 9.9937E-05 9.9937E-05 9.9937E-05 9.9937E-05 9.9937E-05 0.278454 0.191175 9.9937E-05
9.99371E-05 9.99371E-05 0.369676 0.377328 9.99371E-05 9.99371E-05 9.99371E-05 9.99371E-05 0.252296 9.99371E-05
0.000446931 0.491951 9.9964E-05 0.0688898 0.127771 0.0563029 9.9964E-05 0.254238 9.9964E-05 9.9964E-05
9.9946E-05 9.9946E-05 0.024028 0.068959 9.9946E-05 9.9946E-05 9.9946E-05 9.9946E-05 0.587193 0.31922
9.9946E-05 0.310062 9.9946E-05 0.177272 0.406632 9.9946E-05 9.9946E-05 9.9946E-05 9.9946E-05 0.105434
9.9946E-05 0.0246189 9.9946E-05 0.35174 0.453711 9.9946E-05 9.9946E-05 9.9946E-05 9.9946E-05 0.169331
0.362277 0.0633826 9.996E-05 0.0916881 0.170349 9.996E-05 9.996E-05 9.996E-05 0.173695 0.138208
0.53417 9.9937E-05 9.9937E-05 9.9937E-05 9.9937E-05 9.9937E-05 9.9937E-05 0.443585 0.0215447 9.9937E-05
0.331007 0.0570951 0.406198 9.994E-05 9.994E-05 9.994E-05 0.2051 9.994E-05 9.994E-05 9.994E-05
0.0346305 9.9964E-05 0.202848 9.9964E-05 0.132264 0.0988132 0.154117 9.9964E-05 9.9964E-05 0.376927
0.153927 9.9955E-05 9.9955E-05 0.195787 0.061617 0.310095 0.278074 9.9955E-05 9.9955E-05 9.9955E-05
9.9937E-05 9.9937E-05 0.355746 9.9937E-05 9.9937E-05 0.457426 0.186129 9.9937E-05 9.9937E-05 9.9937E-05
9.9955E-05 9.9955E-05 0.489032 0.301244 9.9955E-05 0.0632405 9.9955E-05 0.0605613 9.9955E-05 0.0854218
9.9955E-05 0.0157786 9.9955E-05 0.0574735 0.0017593 0.256361 9.9955E-05 9.9955E-05 0.668128 9.9955E-05
0.0243972 9.9946E-05 0.2244 0.144037 9.9946E-05 9.9946E-05 0.606566 9.9946E-05 9.9946E-05 9.9946E-05
0.0234378 9.9964E-05 0.236175 0.224903 9.9964E-05 9.9964E-05 0.0124805 0.500045 9.9964E-05 0.00255908
9.9937E-05 0.276613 9.9937E-05 9.9937E-05 9.9937E-05 9.9937E-05 0.288609 9.9937E-05 9.9937E-05 0.434078
9.9964E-05 0.141183 0.075694 9.9964E-05 0.0109614 9.9964E-05 9.9964E-05 0.212655 0.554081 0.00502577
0.188891 0.017278 0.615058 0.178173 9.9946E-05 9.9946E-05 9.9946E-05 9.9946E-05 9.9946E-05 9.9946E-05
0.144986 0.278477 0.121557 9.9955E-05 9.9955E-05 0.412044 0.0424355 9.9955E-05 9.9955E-05 9.9955E-05
9.9964E-05 0.129817 0.0380284 0.131704 9.9964E-05 0.197926 9.9964E-05 0.280324 9.9964E-05 0.221801
0.151087 0.0201572 9.9955E-05 0.108691 0.176143 9.9955E-05 0.543422 9.9955E-05 9.9955E-05 9.9955E-05
9.9955E-05 9.9955E-05 9.9955E-05 9.9955E-05 0.346618 0.114676 0.00518772 0.354529 9.9955E-05 0.178489
9.9955E-05 0.00767459 0.154631 0.388518 9.9955E-05 9.9955E-05 9.9955E-05 0.0158628 0.432813 9.9955E-05
9.9955E-05 9.9955E-05 0.165333 0.116641 0.169833 0.376617 9.9955E-05 9.9955E-05 0.171075 9.9955E-05
0.0494014 9.9964E-05 0.210092 0.273223 9.9964E-05 0.201633 9.9964E-05 9.9964E-05 0.264993 0.000257513
9.9955E-05 0.00101267 0.660335 0.127427 0.138963 9.9955E-05 9.9955E-05 9.9955E-05 0.0717621 9.9955E-05
9.9973E-05 0.231613 0.212748 9.9973E-05 9.9973E-05 0.0789098 0.32555 0.00546587 0.00283758 0.142575
9.9937E-05 9.9937E-05 0.219346 9.9937E-05 9.9937E-05 9.9937E-05 9.9937E-05 0.285616 9.9937E-05 0.494339
0.378986 9.9946E-05 9.9946E-05 0.313603 9.9946E-05 0.257064 0.0497474 9.9946E-05 9.9946E-05 9.9946E-05
9.9955E-05 9.9955E-05 0.107534 9.9955E-05 0.289274 0.359915 0.0366144 0.206163 9.9955E-05 9.9955E-05
9.9937E-05 9.9937E-05 0.419834 9.9937E-05 9.9937E-05 0.533168 9.9937E-05 9.9937E-05 0.0462988 9.9937E-05
0.219456 0.00870359 9.9946E-05 0.539944 9.9946E-05 9.9946E-05 9.9946E-05 9.9946E-05 9.9946E-05 0.231297
9.9937E-05 9.9937E-05 0.771695 0.142549 0.0850565 9.9937E-05 9.9937E-05 9.9937E-05 9.9937E-05 9.9937E-05
9.994E-05 9.994E-05 9.994E-05 9.994E-05 9.994E-05 0.15733 0.270408 9.994E-05 0.38556 0.186102
9.9973E-05 9.9973E-05 0.0172338 9.9973E-05 0.451273 0.0612937 0.0294358 0.424857 0.000708052 0.014899
0.0530459 9.9946E-05 0.0888841 9.9946E-05 9.9946E-05 9.9946E-05 9.9946E-05 0.64928 9.9946E-05 0.20819
9.9964E-05 9.9964E-05 9.9964E-05 0.0722991 0.2166 0.333193 0.227267 0.0119145 0.138327 9.9964E-05
0.270731 9.993E-05 9.993E-05 9.993E-05 9.993E-05 0.380728 0.347842 9.993E-05 9.993E-05 9.993E-05
0.118372 0.163221 0.120207 0.0104329 9.9982E-05 0.0462513 9.9982E-05 0.356971 0.134972 0.049373
9.9937E-05 9.9937E-05 9.9937E-05 9.9937E-05 0.765674 9.9937E-05 0.155295 9.9937E-05 9.9937E-05 0.0783309
9.9946E-05 9.9946E-05 9.9946E-05 0.379452 9.9946E-05 0.283533 0.0417665 9.9946E-05 9.9946E-05 0.294649
9.996E-05 9.996E-05 0.0118962 0.505681 0.112236 0.202166 0.0732123 9.996E-05 0.0944078 9.996E-05
9.9946E-05 9.9946E-05 0.176126 9.9946E-05 9.9946E-05 0.359748 0.0427073 9.9946E-05 0.420818 9.9946E-05
0.273666 0.00749483 0.345733 0.0568265 9.9973E-05 0.0340353 0.246132 9.9973E-05 0.0358126 9.9973E-05
9.9946E-05 0.289882 9.9946E-05 9.9946E-05 0.324007 0.110874 9.9946E-05 0.274637 9.9946E-05 9.9946E-05
0.0324512 0.176969 9.996E-05 9.996E-05 0.100492 9.996E-05 0.123521 9.996E-05 0.213585 0.352583
0.210749 9.9955E-05 9.9955E-05 0.0177272 9.9955E-05 9.9955E-05 0.201936 9.9955E-05 0.456824 0.112264
0.75628 0.0835555 9.9946E-05 9.9946E-05 9.9946E-05 9.9946E-05 9.9946E-05 9.9946E-05 0.0109937 0.148571
0.0191666 0.245318 9.9946E-05 0.535449 9.9946E-05 9.9946E-05 9.9946E-05 0.199467 9.9946E-05 9.9946E-05
0.239925 0.330239 9.9955E-05 0.118605 0.272993 0.037739 9.9955E-05 9.9955E-05 9.9955E-05 9.9955E-05
0.0961902 9.9955E-05 0.0244984 9.9955E-05 0.221623 9.9955E-05 0.154388 9.9955E-05 0.5028 9.9955E-05
9.9955E-05 0.126444 0.0468586 9.9955E-05 0.189584 9.9955E-05 9.9955E-05 0.21996 9.9955E-05 0.416653
9.9946E-05 9.9946E-05 9.9946E-05 0.0645218 0.307178 0.606064 9.9946E-05 9.9946E-05 9.9946E-05 0.0216367
0.0996567 9.9937E-05 9.9937E-05 9.9937E-05 9.9937E-05 9.9937E-05 0.0712948 0.828349 9.9937E-05 9.9937E-05
9.996E-05 9.996E-05 0.157997 0.116558 0.0139297 9.996E-05 0.128075 0.00603178 9.996E-05 0.577008
9.9946E-05 0.0269029 0.44928 9.9946E-05 0.522339 9.9946E-05 0.00087831 9.9946E-05 9.9946E-05 9.9946E-05
9.9946E-05 9.9946E-05 0.202382 0.474596 0.305679 0.0167437 9.9946E-05 9.9946E-05 9.9946E-05 9.9946E-05
9.99281E-05 9.99281E-05 9.99281E-05 0.671823 9.99281E-05 9.99281E-05 0.327378 9.99281E-05 9.99281E-05 9.99281E-05
0.0195477 9.9982E-05 0.0465792 0.0384028 0.0949573 0.325997 0.145104 0.203208 9.9982E-05 0.126004
9.9937E-05 9.9937E-05 0.143009 9.9937E-05 0.241394 9.9937E-05 9.9937E-05 0.614897 9.9937E-05 9.9937E-05
0.0418116 0.108631 9.9946E-05 0.496658 0.352299 9.9946E-05 9.9946E-05 9.9946E-05 9.9946E-05 9.9946E-05
9.9955E-05 9.9955E-05 0.014137 9.9955E-05 0.309632 0.542363 9.9955E-05 0.12928 0.00408902 9.9955E-05
9.996E-05 0.249633 9.996E-05 9.996E-05 0.0477632 9.996E-05 0.108504 0.302672 0.174453 0.116575
9.9964E-05 9.9964E-05 0.00415585 9.9964E-05 0.267523 9.9964E-05 0.237914 0.018269 0.168909 0.302829
0.0900546 0.143622 9.995E-05 0.381885 9.995E-05 9.995E-05 0.275364 0.108575 9.995E-05 9.995E-05
0.0679313 9.996E-05 9.996E-05 9.996E-05 0.495605 0.16242 0.119454 0.0946934 9.996E-05 0.0594964
0.0328022 0.324771 0.158384 9.9964E-05 0.324702 9.9964E-05 9.9964E-05 0.119264 9.9964E-05 0.0396772
9.9964E-05 0.105725 9.9964E-05 0.0123442 9.9964E-05 0.117284 0.0713925 0.612036 0.0808188 9.9964E-05
0.0824053 9.9955E-05 0.243726 0.410706 9.9955E-05 9.9955E-05 0.220996 0.0416674 9.9955E-05 9.9955E-05
0.217816 9.9955E-05 9.9955E-05 0.461739 0.194718 9.9955E-05 0.0185347 9.9955E-05 0.106692 9.9955E-05
0.885094 9.9937E-05 0.0682857 9.9937E-05 9.9937E-05 0.0459205 9.9937E-05 9.9937E-05 9.9937E-05 9.9937E-05
9.9955E-05 0.0937167 9.9955E-05 0.264007 0.0792667 9.9955E-05 0.0456243 9.9955E-05 9.9955E-05 0.516886
0.00689691 0.209627 9.996E-05 9.996E-05 0.074901 0.211487 0.359003 9.996E-05 0.137685 9.996E-05
9.9937E-05 9.9937E-05 0.128219 9.9937E-05 9.9937E-05 9.9937E-05 9.9937E-05 0.220759 0.650322 9.9937E-05
0.169818 0.217053 0.18016 9.9964E-05 0.0458811 9.9964E-05 0.249902 9.9964E-05 9.9964E-05 0.136785
9.9946E-05 0.0929349 0.433799 9.9946E-05 0.182026 0.290641 9.9946E-05 9.9946E-05 9.9946E-05 9.9946E-05
9.9982E-05 0.0306386 0.139449 9.9982E-05 0.277803 0.162634 0.340204 0.00440801 0.0306169 0.0140459
9.9946E-05 0.434269 9.9946E-05 0.241887 0.188378 9.9946E-05 9.9946E-05 0.134867 9.9946E-05 9.9946E-05
0.0383456 0.767562 9.9946E-05 9.9946E-05 9.9946E-05 0.193186 0.000307382 9.9946E-05 9.9946E-05 9.9946E-05
9.9955E-05 0.00827504 0.0232029 9.9955E-05 0.218739 9.9955E-05 0.251892 9.9955E-05 9.9955E-05 0.497391
9.997E-05 0.107852 0.085226 9.997E-05 0.0543739 0.15109 0.310832 0.0757074 9.997E-05 0.214618
0.223274 9.9946E-05 9.9946E-05 0.447081 9.9946E-05 9.9946E-05 9.9946E-05 0.158271 0.170774 9.9946E-05
0.237957 0.110481 9.9946E-05 9.9946E-05 0.250469 9.9946E-05 9.9946E-05 9.9946E-05 0.400493 9.9946E-05
0.0403373 0.0106171 0.123919 0.312173 0.123793 0.00806568 9.9982E-05 9.9982E-05 0.0542077 0.326686
0.35589 0.0268957 9.9955E-05 0.250213 9.9955E-05 9.9955E-05 9.9955E-05 0.326809 9.9955E-05 0.0396921
0.432002 0.408311 0.0760896 0.0829972 9.9946E-05 9.9946E-05 9.9946E-05 9.9946E-05 9.9946E-05 9.9946E-05
0.092162 0.281418 9.9955E-05 9.9955E-05 0.428405 9.9955E-05 9.9955E-05 0.112496 0.0850189 9.9955E-05
0.0224065 0.141773 9.9982E-05 0.341976 9.9982E-05 0.300235 0.0720889 0.0711647 0.01291 0.0372464
0.329618 0.138944 9.9955E-05 9.9955E-05 9.9955E-05 0.114299 0.1986 0.21804 9.9955E-05 9.9955E-05
0.331175 0.142868 0.0825299 9.996E-05 9.996E-05 9.996E-05 0.015309 0.164302 0.263417 9.996E-05
9.9955E-05 9.9955E-05 9.9955E-05 9.9955E-05 9.9955E-05 0.038336 0.135385 0.349571 0.179692 0.296517
9.9928E-05 9.9928E-05 0.727858 9.9928E-05 9.9928E-05 9.9928E-05 0.271343 9.9928E-05 9.9928E-05 9.9928E-05
9.9955E-05 0.0991703 0.167544 0.217349 9.9955E-05 9.9955E-05 0.087408 0.42803 9.9955E-05 9.9955E-05
0.0169475 9.9973E-05 0.547442 0.0757213 0.0146354 9.9973E-05 9.9973E-05 0.0144855 0.202578 0.12789
9.9946E-05 0.0173579 0.280561 9.9946E-05 0.117635 0.583846 9.9946E-05 9.9946E-05 9.9946E-05 9.9946E-05
0.105101 9.9946E-05 9.9946E-05 9.9946E-05 0.332987 0.383634 9.9946E-05 9.9946E-05 9.9946E-05 0.177678
9.9964E-05 0.367559 0.0791015 0.23184 9.9964E-05 0.105771 9.9964E-05 0.174096 0.0412319 9.9964E-05
