0.304548 0.469517 0.225935
0.24649 0.36636 0.38715
0.382992 0.345934 0.271074
0.303017 0.47241 0.224574
0.355164 0.387396 0.25744
0.088648 0.413768 0.497584
0.550773 9.9991E-05 0.449127
0.275277 0.417193 0.30753
0.341328 0.379929 0.278743
9.9991E-05 0.795024 0.204876
0.242183 0.362495 0.395322
0.235281 9.9991E-05 0.764619
0.645196 0.257955 0.096849
0.411739 0.391414 0.196846
0.321411 0.444453 0.234136
0.287853 0.438744 0.273404
0.471145 0.528755 9.9991E-05
0.267072 0.394817 0.338112
0.551395 9.9991E-05 0.448505
0.118363 0.497532 0.384105
0.289177 0.29989 0.410933
0.127179 0.662425 0.210396
0.700452 0.023615 0.275932
0.316972 0.43029 0.252739
0.271422 0.49262 0.235958
0.564813 0.15326 0.281927
0.56986 0.237039 0.193101
0.37386 0.0658747 0.560265
0.224728 0.634864 0.140408
0.313629 0.156153 0.530218
0.247515 0.732681 0.0198037
0.177852 0.169543 0.652605
0.354618 0.344502 0.30088
0.400286 0.508503 0.0912109
0.29434 0.331047 0.374613
0.704893 0.0237793 0.271328
0.490033 0.0779264 0.432041
0.469082 0.0720109 0.458907
0.63216 0.108457 0.259384
0.179303 0.596517 0.224179
0.47175 0.518159 0.0100913
0.0928941 0.361649 0.545457
0.241441 0.207035 0.551524
0.257509 0.428954 0.313537
0.600174 0.207561 0.192265
0.7009 0.0455884 0.253512
0.542043 0.457857 9.9991E-05
0.451567 0.31872 0.229713
0.0938809 0.539208 0.366912
9.9991E-05 0.688119 0.311781
0.291871 0.311575 0.396554
0.120742 0.592614 0.286644
0.449397 0.497588 0.0530146
0.724579 0.116015 0.159406
0.135571 0.446383 0.418046
0.380613 0.619287 9.9991E-05
0.323188 0.384542 0.29227
0.225596 0.0231313 0.751273
0.167306 0.0721312 0.760563
0.173857 0.246112 0.580031
0.485688 0.355879 0.158433
0.552031 0.247459 0.200511
9.9991E-05 0.529486 0.470414
0.576381 0.023807 0.399811
0.521285 0.3781 0.100615
0.244485 0.296737 0.458778
0.496606 0.394222 0.109172
0.173294 0.574794 0.251912
0.314783 0.436312 0.248905
0.39181 0.60809 9.9991E-05
0.609492 0.0637732 0.326735
0.212844 9.9991E-05 0.787056
0.465478 9.9991E-05 0.534422
0.369459 0.234374 0.396167
9.9991E-05 0.189943 0.809957
9.9991E-05 0.702575 0.297325
0.0858616 0.788597 0.125542
0.331728 0.553067 0.115205
0.389698 9.9991E-05 0.610202
0.525879 0.137436 0.336685
0.0932473 0.576926 0.329826
0.440688 0.0360097 0.523302
0.244823 0.173717 0.58146
0.148372 0.383846 0.467782
0.54461 0.296979 0.158411
0.574848 0.134033 0.291119
0.288841 0.359797 0.351362
0.374981 0.324314 0.300705
0.253074 0.505462 0.241464
0.718889 0.0275178 0.253594
0.234397 0.141262 0.624341
0.292096 0.65679 0.0511144
0.693447 9.9991E-05 0.306453
0.404693 0.437728 0.157579
0.468923 0.347537 0.18354
0.283913 0.153628 0.562459
9.9991E-05 0.696391 0.303509
0.545676 0.147211 0.307113
0.342425 0.0245432 0.633032
0.342966 0.470077 0.186956
9.9991E-05 0.627649 0.372251
0.169189 0.3357 0.495111
0.126044 0.514238 0.359717
0.464514 0.471922 0.063564
0.333257 0.219396 0.447347
0.592084 0.296674 0.111242
0.0325665 0.580709 0.386725
0.124793 0.203619 0.671588
0.00136173 0.796897 0.201741
0.471842 0.108743 0.419415
0.314054 0.537241 0.148705
0.245833 0.383575 0.370591
0.20071 0.181777 0.617513
0.0156209 0.475947 0.508432
0.145009 0.487014 0.367977
0.20614 0.516161 0.277699
0.484221 0.383021 0.132758
0.195756 0.318725 0.48552
0.31368 0.20604 0.48028
0.368195 0.278738 0.353067
0.371041 9.9991E-05 0.628859
0.335624 0.288904 0.375472
0.555971 0.435167 0.00886192
0.500417 0.0611472 0.438436
9.9991E-05 0.580987 0.418913
0.596812 0.133241 0.269947
0.201504 0.327569 0.470927
0.401499 0.202498 0.396003
0.194725 0.536224 0.269051
0.30054 0.432539 0.266921
0.543565 0.360866 0.0955689
9.9991E-05 0.531666 0.468234
0.35104 0.200388 0.448572
0.121784 0.822078 0.0561377
0.0508633 0.568972 0.380165
0.499098 0.197272 0.30363
0.715498 0.146838 0.137664
0.139695 9.9991E-05 0.860205
0.412487 0.115253 0.47226
0.609201 9.9991E-05 0.390699
0.599951 0.237357 0.162692
0.09201 0.765851 0.142139
0.297522 0.218483 0.483995
0.320787 0.426662 0.252551
0.555279 0.223929 0.220792
0.588588 0.33124 0.0801721
0.290286 0.23054 0.479174
0.297597 0.454748 0.247656
0.314606 9.9991E-05 0.685294
0.596144 0.339773 0.0640837
0.429225 0.570675 9.9991E-05
0.59751 0.295315 0.107175
0.266829 0.47897 0.254201
0.365799 0.319073 0.315128
0.346151 0.446684 0.207166
0.286024 0.343059 0.370917
9.9991E-05 0.374486 0.625414
9.9991E-05 0.457363 0.542537
0.0821282 0.588765 0.329107
0.416641 0.216073 0.367286
0.361308 0.24812 0.390572
0.576671 0.244215 0.179114
0.123814 0.599953 0.276233
0.477394 9.9991E-05 0.522506
0.331179 0.239285 0.429536
9.9991E-05 0.493034 0.506866
0.527448 0.248438 0.224114
0.459593 0.285764 0.254643
0.691811 0.308089 9.9991E-05
0.446372 0.484706 0.0689213
0.302664 0.0110957 0.686241
0.636374 0.102132 0.261494
0.407178 9.9991E-05 0.592722
0.528903 0.403899 0.0671971
0.434263 0.336786 0.228951
0.214663 0.337795 0.447542
0.333657 0.33117 0.335173
0.186212 0.487772 0.326016
0.25798 0.0994907 0.642529
0.558905 0.247931 0.193164
0.787791 0.212109 9.9991E-05
0.563309 0.287838 0.148853
0.411091 0.159092 0.429817
0.467588 0.292772 0.23964
0.354591 0.375359 0.27005
0.632743 0.17477 0.192487
0.311057 0.485491 0.203452
0.504106 0.495794 9.9991E-05
0.704987 0.129512 0.165501
0.000796311 0.420107 0.579097
0.523335 0.400855 0.0758101
0.450351 0.285315 0.264334
0.129274 0.596948 0.273778
0.536029 0.00838622 0.455585
0.214738 0.0245705 0.760692
0.498947 0.290964 0.210089
0.361317 0.182549 0.456134
0.138289 0.618656 0.243055
0.324781 0.436174 0.239044
0.175952 0.661953 0.162095
0.108224 0.636573 0.255203
0.347312 0.409935 0.242753
0.0209203 0.643528 0.335552
0.264929 0.5526 0.182471
0.27377 0.293836 0.432393
0.232387 0.404012 0.3636
0.730787 0.204011 0.0652016
0.702813 0.242315 0.0548713
0.173636 0.646489 0.179875
0.0238842 0.255145 0.720971
0.43017 0.210537 0.359292
0.528401 0.363035 0.108564
0.289214 0.634692 0.0760939
9.9991E-05 0.387337 0.612563
0.389779 0.441567 0.168653
0.151455 0.503607 0.344938
0.422127 0.43809 0.139783
0.242869 0.253896 0.503234
0.513358 0.308716 0.177926
0.379175 0.136606 0.484219
0.634706 0.331519 0.0337751
0.781486 0.0849617 0.133553
0.125238 0.384276 0.490485
0.328445 0.548928 0.122627
0.0528619 0.535381 0.411757
0.296668 0.522805 0.180527
0.574438 0.425462 9.9991E-05
0.445759 0.458696 0.0955455
0.425723 0.286498 0.287778
0.277945 0.290832 0.431223
9.9991E-05 0.364648 0.635252
0.309935 0.336565 0.353499
0.36586 0.604939 0.0292009
0.522304 0.18923 0.288466
0.154485 0.298021 0.547495
0.0804247 0.437151 0.482424
9.9991E-05 0.636239 0.363661
0.39104 9.9991E-05 0.60886
0.0817645 0.363685 0.554551
0.157245 0.397528 0.445227
0.362264 0.314525 0.32321
0.26434 0.353587 0.382073
0.595974 9.9991E-05 0.403926
0.596159 0.286611 0.11723
0.681728 0.188506 0.129766
0.567711 9.9991E-05 0.432189
0.277354 0.144197 0.578448
0.275147 0.249444 0.475409
0.40383 0.596071 9.9991E-05
0.191022 0.0480071 0.760971
