9.9982E-05 9.9982E-05 0.199458 0.185829 0.435936 0.178577
0.294342 0.130656 0.574703 9.9973E-05 9.9973E-05 9.9973E-05
9.9964E-05 9.9964E-05 9.9964E-05 0.8353 9.9964E-05 0.164301
0.0442791 9.9982E-05 9.9982E-05 0.725475 0.133516 0.0965302
9.999E-05 0.363058 0.0513917 0.313903 0.155643 0.115904
0.454853 0.100071 0.233993 0.0279377 0.1645 0.0186445
0.0226095 0.297178 0.066911 0.179932 9.9991E-05 0.43327
0.0766333 0.410069 0.0072911 9.9991E-05 0.392445 0.113462
0.106976 0.374323 0.119893 0.167425 0.121248 0.110135
9.9964E-05 9.9964E-05 9.9964E-05 0.29446 0.70514 9.9964E-05
0.532888 0.367782 0.0172465 0.0730023 0.00898131 9.9991E-05
0.559721 9.9973E-05 9.9973E-05 0.149118 9.9973E-05 0.290861
9.9973E-05 9.9973E-05 0.403277 0.486102 9.9973E-05 0.110321
9.999E-05 0.0936091 0.000764078 0.21308 0.331855 0.360591
0.156049 9.9991E-05 0.118951 0.354328 0.306421 0.0641513
0.0186988 9.9991E-05 0.224084 0.264911 0.292874 0.199332
9.9982E-05 0.429017 0.439756 0.0305601 0.100467 9.9982E-05
0.447974 0.194872 9.9982E-05 0.339517 0.0174371 9.9982E-05
9.999E-05 0.0760831 0.0487929 0.196772 0.0994959 0.578756
0.409581 9.9973E-05 9.9973E-05 0.579719 0.0103999 9.9973E-05
9.9973E-05 0.33376 9.9973E-05 9.9973E-05 0.255831 0.410109
0.0483135 0.0782151 0.0572787 0.299293 0.516799 9.9991E-05
0.0656176 0.151793 0.251076 0.232321 9.9991E-05 0.299092
0.272145 0.673075 0.0544803 9.9973E-05 9.9973E-05 9.9973E-05
0.0512125 0.27581 0.326798 0.0801307 0.265948 9.9991E-05
0.12553 0.137882 0.106352 0.0568182 0.245564 0.327854
9.9982E-05 0.187707 0.103754 0.253492 9.9982E-05 0.454847
0.179416 0.273899 0.140923 9.9982E-05 9.9982E-05 0.405561
0.0811503 0.340842 0.102792 0.401166 0.045093 0.0289564
0.167195 0.346607 9.9982E-05 0.161374 9.9982E-05 0.324624
0.05218 0.205423 0.00964127 0.28079 0.451866 9.9991E-05
0.539074 9.9982E-05 9.9982E-05 0.0941087 0.22388 0.142737
0.223385 9.9973E-05 0.263736 0.512579 9.9973E-05 9.9973E-05
9.999E-05 0.226407 0.167197 0.419261 0.134676 0.0523589
0.102123 0.43261 9.9982E-05 0.373548 9.9982E-05 0.0915186
0.121039 0.0296424 9.9982E-05 0.465323 9.9982E-05 0.383796
0.149309 9.9991E-05 0.153228 0.310446 0.00344864 0.383468
0.123724 0.00884486 0.305607 0.370472 0.0495329 0.141819
9.9982E-05 9.9982E-05 0.581556 0.0228546 0.0542214 0.341168
0.0811147 9.9982E-05 0.0694247 0.255893 0.593367 9.9982E-05
9.9982E-05 0.260669 9.9982E-05 0.396127 0.122626 0.220377
0.654306 0.113343 9.9973E-05 9.9973E-05 0.23205 9.9973E-05
0.421095 0.00907868 0.36305 9.9982E-05 0.206576 9.9982E-05
0.239936 0.238088 0.00260603 0.344317 0.136541 0.0385126
9.9982E-05 0.356281 0.204439 9.9982E-05 0.268023 0.171057
9.9973E-05 0.244107 0.34903 9.9973E-05 9.9973E-05 0.406564
9.9991E-05 0.0227981 0.0599295 0.57364 0.0988879 0.244645
0.0392359 0.325161 0.168114 9.9991E-05 0.1568 0.310589
0.353473 0.386858 9.9982E-05 0.195603 0.063866 9.9982E-05
0.00903427 9.9982E-05 0.100764 0.201493 0.688509 9.9982E-05
0.229624 9.9982E-05 0.156514 9.9982E-05 0.306482 0.30718
9.9982E-05 0.265989 9.9982E-05 0.189455 0.391082 0.153275
9.9982E-05 9.9982E-05 0.570179 0.137501 0.269659 0.0224617
0.00258306 9.9991E-05 0.412306 0.130112 0.0156858 0.439213
0.206136 9.9991E-05 0.378227 0.139522 0.127079 0.148936
9.9991E-05 0.280721 0.295027 0.269675 0.0845171 0.0699595
0.0693781 0.45684 9.9982E-05 0.205496 9.9982E-05 0.268086
0.415833 0.0846555 0.0366499 9.9982E-05 9.9982E-05 0.462662
0.323041 9.9982E-05 0.100913 9.9982E-05 0.214362 0.361484
0.0354426 0.0707462 9.9982E-05 9.9982E-05 0.477847 0.415764
9.9982E-05 0.467156 9.9982E-05 0.00120545 0.00259596 0.528842
0.143016 0.282133 0.0232775 0.39927 9.9991E-05 0.152203
0.446412 9.9973E-05 9.9973E-05 0.219133 0.334156 9.9973E-05
0.231915 0.217578 0.550206 9.9973E-05 9.9973E-05 9.9973E-05
9.9991E-05 0.191911 0.214557 0.220272 0.0381979 0.334962
0.182661 0.0121725 9.9982E-05 9.9982E-05 0.395801 0.409165
9.9982E-05 0.366827 9.9982E-05 0.0697706 0.246007 0.317196
0.360874 0.471954 0.0946081 0.0723648 9.9982E-05 9.9982E-05
0.272799 9.9982E-05 0.0654409 9.9982E-05 0.280302 0.381259
9.9982E-05 9.9982E-05 0.0850578 0.370436 0.475859 0.0684478
0.0297416 0.218995 0.314972 9.9982E-05 9.9982E-05 0.436091
0.514381 9.9982E-05 9.9982E-05 0.092641 0.114403 0.278375
0.0474756 9.9982E-05 0.052146 0.0890768 9.9982E-05 0.811102
0.0760165 0.147548 0.328922 0.00075262 9.9991E-05 0.446661
0.637245 0.0347993 0.148302 0.179453 9.9982E-05 9.9982E-05
0.032454 0.646643 9.9982E-05 0.104568 0.216134 9.9982E-05
0.0652745 0.343366 9.9982E-05 0.457525 0.133635 9.9982E-05
0.0117004 0.128707 0.273577 0.232097 0.353818 9.9991E-05
0.533997 0.0592627 0.369416 0.000164381 9.9991E-05 0.0370596
0.189389 0.0613798 0.136623 0.429122 9.9991E-05 0.183386
9.9991E-05 0.222498 0.0239993 0.0657054 0.475171 0.212526
0.240425 0.22511 9.9973E-05 9.9973E-05 9.9973E-05 0.534165
0.178942 0.017917 0.62419 9.9982E-05 0.178751 9.9982E-05
0.469712 0.377506 0.00219156 0.0431109 0.0326477 0.0748319
9.9973E-05 0.473142 9.9973E-05 0.283721 9.9973E-05 0.242837
0.21675 0.356758 9.9982E-05 0.108917 9.9982E-05 0.317376
0.399192 0.33452 0.0339261 0.0465161 0.185746 9.9991E-05
9.9991E-05 0.0161205 0.0799629 0.420185 0.0278518 0.455779
0.052054 9.9982E-05 0.258477 0.250275 0.438994 9.9982E-05
0.153121 0.218868 0.173815 0.153495 9.9991E-05 0.300602
0.243023 0.0952061 0.108964 9.9991E-05 0.375871 0.176835
9.9973E-05 0.322631 0.312706 0.364363 9.9973E-05 9.9973E-05
0.0973947 9.9982E-05 0.630275 0.0480375 9.9982E-05 0.224093
0.13972 0.187436 0.312632 0.191187 0.0392989 0.129726
0.161492 9.9973E-05 0.360175 0.478033 9.9973E-05 9.9973E-05
0.526579 0.143079 0.0407964 9.9991E-05 0.0390549 0.25039
9.9991E-05 0.162786 0.0318241 0.0307141 0.701564 0.0730113
0.075229 0.110165 0.492196 0.127659 0.0809477 0.113804
0.357861 9.9973E-05 0.200198 9.9973E-05 9.9973E-05 0.441641
9.9991E-05 0.189063 0.203584 0.0518518 0.206257 0.349144
0.204504 9.9982E-05 9.9982E-05 0.508672 0.284327 0.00229784
0.106541 9.9991E-05 0.458071 0.218727 0.149575 0.0669858
9.9991E-05 0.172571 0.00232513 0.200445 0.369111 0.255448
9.9991E-05 0.109568 0.529868 0.143465 0.13868 0.0783192
0.422993 9.9991E-05 0.203928 0.0783018 0.134485 0.160192
0.00887637 0.491325 0.199878 0.261344 9.9991E-05 0.0384774
0.0423471 9.9973E-05 9.9973E-05 0.344051 0.613302 9.9973E-05
0.242731 9.9991E-05 0.0520149 0.0542195 0.194012 0.456923
0.00731584 0.0853285 0.0285863 0.278098 0.534225 0.0664463
0.262591 0.0492658 0.40296 0.0408173 9.9991E-05 0.244266
0.270897 0.0734346 0.0638827 0.100445 0.372434 0.118908
0.19382 0.0617824 0.169867 9.9982E-05 0.57433 9.9982E-05
0.206716 0.512597 9.9991E-05 0.0436975 0.0195937 0.217296
0.309163 0.308053 0.111204 9.9982E-05 0.27138 9.9982E-05
0.179986 9.9991E-05 0.0109376 0.480197 0.133893 0.194885
0.0287939 0.298585 0.192309 0.320423 0.159789 9.9991E-05
9.9982E-05 0.639546 9.9982E-05 0.114527 0.0759526 0.169775
0.14191 9.9982E-05 0.0359819 9.9982E-05 0.255765 0.566143
0.322248 9.9991E-05 0.375954 0.159787 0.0286744 0.113237
0.201643 0.1141 0.503676 0.125692 9.9991E-05 0.0547887
0.364671 9.9982E-05 0.150989 9.9982E-05 0.0710972 0.413043
0.219946 0.316699 0.039588 0.226175 9.9991E-05 0.197492
0.0883703 0.496589 0.112521 0.302319 9.9982E-05 9.9982E-05
0.277642 0.19799 9.9982E-05 0.148595 9.9982E-05 0.375573
0.324165 9.9982E-05 0.149524 0.184117 0.341994 9.9982E-05
0.0226075 0.155017 0.00227789 0.35786 0.12589 0.336348
0.211422 0.511388 0.0269768 9.9991E-05 0.233227 0.0168863
0.363761 0.0871274 0.158436 9.9991E-05 0.176827 0.213748
0.0716915 0.351149 9.9991E-05 0.125173 0.356084 0.0958019
0.039543 0.274919 0.0817628 0.328977 0.161092 0.113707
0.0140036 0.400788 0.45174 0.133269 9.9982E-05 9.9982E-05
9.9973E-05 0.0460061 9.9973E-05 9.9973E-05 0.792755 0.160939
0.0691452 0.41239 9.9982E-05 0.111236 9.9982E-05 0.407029
9.9964E-05 0.624725 9.9964E-05 9.9964E-05 0.374875 9.9964E-05
0.15105 9.9991E-05 0.214002 0.00302534 0.629222 0.00260082
0.280771 9.9982E-05 0.0986918 0.284927 9.9982E-05 0.33541
0.118764 0.475813 0.265846 9.9991E-05 0.0799708 0.0595068
0.812706 0.0332795 0.0576597 9.9982E-05 9.9982E-05 0.0961546
0.0221669 9.9982E-05 9.9982E-05 0.249353 0.177147 0.551133
0.436804 0.283111 9.9982E-05 0.162475 9.9982E-05 0.11741
9.9982E-05 0.434973 0.100008 0.260327 9.9982E-05 0.204492
0.00388468 0.11057 9.9991E-05 0.337102 0.432061 0.116283
9.9973E-05 9.9973E-05 9.9973E-05 0.314388 0.234416 0.450896
0.257375 0.103783 0.180695 0.457947 9.9982E-05 9.9982E-05
9.9982E-05 9.9982E-05 0.535352 0.214168 0.0699026 0.180378
0.247191 0.0178527 9.9982E-05 0.600896 9.9982E-05 0.13386
0.293307 0.120808 0.118557 9.9991E-05 0.079076 0.388151
0.303756 0.00985824 0.299137 0.328408 0.00768547 0.0511558
0.388807 9.9973E-05 0.293864 9.9973E-05 9.9973E-05 0.317029
0.108954 0.673127 0.102244 9.9982E-05 9.9982E-05 0.115475
9.9991E-05 0.102621 0.364267 0.20877 0.0217494 0.302493
9.9982E-05 0.294932 0.512763 9.9982E-05 0.00751106 0.184594
0.172958 9.9982E-05 0.297109 0.514508 0.0152256 9.9982E-05
0.4828 0.0203055 0.225281 9.9991E-05 0.190451 0.0810625
9.9982E-05 9.9982E-05 0.285391 0.44084 0.169878 0.103691
0.309042 0.255799 0.0632876 0.208998 0.063386 0.0994866
0.558278 9.9964E-05 9.9964E-05 0.441322 9.9964E-05 9.9964E-05
0.0853523 0.0681343 9.9991E-05 0.454243 0.343632 0.048538
9.9973E-05 9.9973E-05 9.9973E-05 0.348018 0.575904 0.0757787
0.00382163 0.2554 0.295008 9.9991E-05 0.233623 0.212048
0.267613 0.30479 9.9991E-05 0.147977 0.0929628 0.186558
9.9982E-05 9.9982E-05 0.246265 0.0353773 0.242153 0.476004
9.9991E-05 0.353591 0.152612 0.0165996 0.461857 0.0152402
0.27167 0.270788 0.00653468 9.9991E-05 0.000785018 0.450122
0.128127 0.0100506 9.9991E-05 0.301739 0.288639 0.271343
0.39622 0.187516 9.9973E-05 9.9973E-05 0.415964 9.9973E-05
9.9982E-05 0.0385966 9.9982E-05 0.262912 0.205793 0.492498
9.9991E-05 0.0109983 0.430534 0.159855 0.00202179 0.396491
0.100026 0.466437 0.274146 0.159191 9.9982E-05 9.9982E-05
9.9973E-05 0.216515 0.290369 0.492816 9.9973E-05 9.9973E-05
0.195988 9.9982E-05 9.9982E-05 0.0328494 0.0926501 0.678313
0.14851 0.163562 0.307129 9.9982E-05 9.9982E-05 0.380599
0.0858847 9.9982E-05 0.0170248 0.367471 9.9982E-05 0.529419
9.9973E-05 0.549745 9.9973E-05 9.9973E-05 0.147537 0.302418
9.9991E-05 0.0791546 0.378018 0.411698 0.0148875 0.116142
0.54941 0.0294896 9.9991E-05 0.187936 0.222253 0.0108118
0.372052 9.9982E-05 0.391647 0.197417 9.9982E-05 0.0386839
0.297871 0.0957992 9.9991E-05 0.13359 0.383327 0.0893125
0.389035 0.225425 0.164255 9.9982E-05 9.9982E-05 0.221085
0.208737 9.9982E-05 0.406039 0.160924 9.9982E-05 0.2241
9.9973E-05 0.689899 0.173757 9.9973E-05 9.9973E-05 0.136045
9.9982E-05 0.385265 0.254776 0.0387752 9.9982E-05 0.320983
0.203899 9.9991E-05 0.204231 0.143545 0.0586841 0.389541
0.524721 0.132834 0.132338 0.131832 9.9991E-05 0.0781754
0.181801 0.00598469 0.25899 9.9991E-05 0.300771 0.252354
0.38612 9.9991E-05 0.13818 0.205417 0.0595742 0.210609
0.233782 0.357996 0.245369 9.9982E-05 0.162653 9.9982E-05
0.0285296 0.191132 0.362399 0.416771 0.0010684 9.9991E-05
9.9982E-05 0.0613041 0.556909 0.174115 9.9982E-05 0.207473
0.464777 0.320003 9.9973E-05 9.9973E-05 0.21492 9.9973E-05
9.9982E-05 0.0346637 0.395276 9.9982E-05 0.341115 0.228745
0.3077 0.00393091 0.385114 0.0581658 0.136809 0.10828
0.140645 0.247654 0.0977307 0.126483 0.387387 9.9991E-05
9.9982E-05 0.00548214 0.330526 9.9982E-05 0.104163 0.559629
0.589046 9.9982E-05 0.300264 9.9982E-05 0.0559881 0.0545023
0.160052 0.146815 0.273665 0.219061 9.9991E-05 0.200307
0.24754 0.0242428 0.188337 9.9991E-05 0.34991 0.189871
0.0350342 0.133054 0.0277219 0.484552 0.268941 0.0506966
0.33865 0.176766 9.9973E-05 0.484284 9.9973E-05 9.9973E-05
0.00764046 0.43388 9.9991E-05 0.0128008 0.200788 0.344791
9.9982E-05 9.9982E-05 0.0721172 0.222639 0.555731 0.149313
0.169167 9.9973E-05 0.33782 9.9973E-05 0.492713 9.9973E-05
0.010571 0.272852 9.9991E-05 0.128541 0.370748 0.217188
0.0397057 0.715111 0.075786 9.9982E-05 0.169197 9.9982E-05
0.105593 0.00445611 0.0306108 0.692913 0.0919559 0.0744714
9.9982E-05 9.9982E-05 0.073383 0.0365945 0.334929 0.554893
9.9991E-05 0.379351 0.332645 0.0766588 0.022189 0.189056
9.9991E-05 0.0661164 0.284202 0.0375452 0.344333 0.267703
9.9991E-05 0.109348 0.0945915 0.301449 0.343584 0.150928
0.349823 9.9973E-05 9.9973E-05 9.9973E-05 0.522028 0.127848
0.182955 0.0339312 0.0745278 9.9991E-05 0.432317 0.276169
9.9982E-05 9.9982E-05 0.446226 0.129798 0.217494 0.206281
9.9973E-05 9.9973E-05 0.475989 0.329179 0.194532 9.9973E-05
0.369952 9.9973E-05 9.9973E-05 0.0726102 0.557138 9.9973E-05
0.00668518 0.0369237 0.445223 0.307988 0.203081 9.9991E-05
0.0630903 0.225356 0.000133657 0.452395 0.22441 0.0346157
9.9982E-05 0.0998071 9.9982E-05 0.67219 0.141162 0.0866406
0.210846 0.0044454 0.340469 9.9991E-05 0.413414 0.0307258
0.00177546 0.395374 0.0268219 0.333291 0.21242 0.0303181
0.328978 9.9973E-05 0.558996 0.111725 9.9973E-05 9.9973E-05
9.996E-05 9.996E-05 0.9995 9.996E-05 9.996E-05 9.996E-05
9.9991E-05 0.120739 0.387881 0.0638868 0.0178623 0.409532
0.178597 9.9973E-05 9.9973E-05 9.9973E-05 0.51811 0.302994
9.9991E-05 0.254532 0.216743 0.108517 0.23422 0.185888
0.123102 0.492774 9.9973E-05 9.9973E-05 0.383824 9.9973E-05
0.108642 0.638857 0.0329175 9.9982E-05 0.219383 9.9982E-05
0.0615716 0.0238822 0.51743 0.18958 0.207436 9.9991E-05
9.9982E-05 0.0556942 9.9982E-05 0.487348 0.21518 0.241579
0.262174 9.9991E-05 0.186817 0.224377 0.144922 0.18161
0.293342 0.15994 0.245449 9.9991E-05 0.091261 0.209908
0.356014 9.9982E-05 0.0135443 0.188745 0.441496 9.9982E-05
0.390007 0.0779422 0.0316961 0.481039 9.9991E-05 0.0192161
0.0497132 0.617879 0.0496354 0.158326 0.0932549 0.0311914
0.216134 0.154516 0.267735 0.0978077 9.9991E-05 0.263708
0.0855472 0.0811671 0.123955 9.9991E-05 0.525589 0.183642
0.452723 0.43565 0.0279734 0.0733272 0.0102255 9.9991E-05
0.186125 0.153144 9.9991E-05 0.045237 0.497371 0.118023
0.264367 0.148517 0.196232 9.9991E-05 0.0885799 0.302205
0.518765 0.0395291 0.047823 9.9982E-05 0.393683 9.9982E-05
0.300264 0.0951693 0.0146344 0.549467 0.0403654 9.9991E-05
0.141204 0.166086 0.379657 9.9982E-05 0.312853 9.9982E-05
0.0333037 0.410003 9.9991E-05 0.128716 0.192779 0.235098
9.9973E-05 0.226916 9.9973E-05 0.302346 9.9973E-05 0.470438
0.0127391 0.278654 0.530656 9.9982E-05 9.9982E-05 0.177751
9.9991E-05 0.151394 0.112342 0.108078 0.207862 0.420224
0.383133 9.9982E-05 0.322396 9.9982E-05 0.00594189 0.288329
0.224755 9.9973E-05 9.9973E-05 0.0967639 9.9973E-05 0.678181
0.643241 9.9982E-05 0.234872 9.9982E-05 0.0396101 0.0820765
9.9973E-05 0.49311 9.9973E-05 0.434555 9.9973E-05 0.0720343
0.730738 0.0563452 0.151058 0.0616591 9.9982E-05 9.9982E-05
