9.9973E-05 0.0279494 0.0388673 0.214983 0.136257 0.334417 9.9973E-05 0.247227 9.9973E-05
9.9946E-05 0.338656 9.9946E-05 9.9946E-05 9.9946E-05 0.125265 9.9946E-05 0.53548 9.9946E-05
0.0219332 9.9964E-05 0.224683 9.9964E-05 0.200672 0.491551 9.9964E-05 9.9964E-05 0.0607607
0.142772 0.189906 9.9964E-05 9.9964E-05 0.261421 0.00775624 9.9964E-05 9.9964E-05 0.397745
9.9946E-05 9.9946E-05 9.9946E-05 9.9946E-05 0.210534 9.9946E-05 9.9946E-05 0.376006 0.41286
9.9937E-05 9.9937E-05 9.9937E-05 0.809567 0.189734 9.9937E-05 9.9937E-05 9.9937E-05 9.9937E-05
9.9973E-05 0.250438 0.000123488 9.9973E-05 0.00607098 0.352397 0.134299 0.256372 9.9973E-05
0.0198784 0.306332 9.9982E-05 0.0430201 9.9982E-05 0.0725683 0.0629247 0.475522 0.0195553
9.9946E-05 9.9946E-05 0.303196 9.9946E-05 9.9946E-05 9.9946E-05 0.250022 0.446182 9.9946E-05
9.9946E-05 9.9946E-05 0.510833 9.9946E-05 9.9946E-05 9.9946E-05 0.465907 9.9946E-05 0.0226605
0.769999 9.9946E-05 9.9946E-05 9.9946E-05 9.9946E-05 0.0639185 0.165483 9.9946E-05 9.9946E-05
9.9964E-05 9.9964E-05 0.249041 0.126326 9.9964E-05 0.0935525 9.9964E-05 0.512995 0.0176852
0.0382056 9.9964E-05 0.172169 0.20156 9.9964E-05 9.9964E-05 9.9964E-05 0.415639 0.172027
9.9955E-05 0.379641 9.9955E-05 0.0577811 0.345455 9.9955E-05 9.9955E-05 0.216623 9.9955E-05
0.407651 0.244919 9.9964E-05 9.9964E-05 0.00759308 9.9964E-05 0.0251217 9.9964E-05 0.314315
0.143298 0.116429 9.9964E-05 9.9964E-05 9.9964E-05 0.364227 9.9964E-05 0.210686 0.16496
0.150989 9.9964E-05 9.9964E-05 9.9964E-05 0.247219 9.9964E-05 0.0561712 0.506017 0.039205
9.9955E-05 9.9955E-05 9.9955E-05 0.347551 0.312026 9.9955E-05 9.9955E-05 0.163059 0.176865
9.996E-05 9.996E-05 0.0874448 9.996E-05 0.102432 0.161676 0.0748656 9.996E-05 0.573182
9.9964E-05 9.9964E-05 0.485205 9.9964E-05 0.0138705 9.9964E-05 0.207476 0.0088179 0.284231
9.9946E-05 9.9946E-05 0.510546 9.9946E-05 0.0330348 0.45582 9.9946E-05 9.9946E-05 9.9946E-05
9.9955E-05 9.9955E-05 0.396721 0.212431 9.9955E-05 9.9955E-05 9.9955E-05 0.0972601 0.293088
0.169476 0.180779 0.00612653 0.209431 9.9982E-05 0.0844697 9.9982E-05 0.104805 0.244713
0.161209 9.9964E-05 0.121992 9.9964E-05 9.9964E-05 0.305937 0.171483 9.9964E-05 0.238979
9.9946E-05 0.239992 0.608272 9.9946E-05 9.9946E-05 9.9946E-05 9.9946E-05 0.151136 9.9946E-05
0.00428728 9.9973E-05 9.9973E-05 0.0949903 0.118315 0.114241 9.9973E-05 0.405092 0.262775
0.420398 0.156142 9.9964E-05 0.108496 9.9964E-05 9.9964E-05 0.041365 9.9964E-05 0.273199
0.179642 0.159684 9.9955E-05 9.9955E-05 0.280163 9.9955E-05 9.9955E-05 0.38001 9.9955E-05
0.0586861 9.9955E-05 0.449293 9.9955E-05 9.9955E-05 0.317624 9.9955E-05 0.173897 9.9955E-05
9.9946E-05 0.15078 9.9946E-05 9.9946E-05 0.395838 0.452783 9.9946E-05 9.9946E-05 9.9946E-05
9.9946E-05 9.9946E-05 9.9946E-05 0.796661 9.9946E-05 9.9946E-05 9.9946E-05 0.0824357 0.120304
9.9946E-05 9.9946E-05 9.9946E-05 0.281904 9.9946E-05 9.9946E-05 0.44397 9.9946E-05 0.273526
0.380294 0.159251 0.230462 0.0438242 0.185769 9.9964E-05 9.9964E-05 9.9964E-05 9.9964E-05
0.0863911 0.497898 9.9964E-05 0.118514 9.9964E-05 9.9964E-05 0.273412 9.9964E-05 0.0233838
0.0496077 0.0491738 0.251596 0.0844257 9.9973E-05 9.9973E-05 9.9973E-05 0.104248 0.460649
0.144393 9.9946E-05 0.288521 9.9946E-05 0.566487 9.9946E-05 9.9946E-05 9.9946E-05 9.9946E-05
0.218457 9.9946E-05 9.9946E-05 9.9946E-05 0.332341 9.9946E-05 9.9946E-05 9.9946E-05 0.448602
0.124027 9.9946E-05 9.9946E-05 9.9946E-05 0.453929 9.9946E-05 0.421445 9.9946E-05 9.9946E-05
9.997E-05 0.416887 0.117392 0.0340272 9.997E-05 0.00685139 0.319503 0.10504 9.997E-05
9.9964E-05 9.9964E-05 0.38709 0.00278636 0.1283 9.9964E-05 0.198173 9.9964E-05 0.283252
9.9964E-05 0.36128 9.9964E-05 9.9964E-05 0.041581 0.062325 0.174085 9.9964E-05 0.360329
0.316545 9.9973E-05 0.000295752 0.175942 9.9973E-05 0.0598016 0.0555291 0.391587 9.9973E-05
9.996E-05 0.515664 9.996E-05 9.996E-05 0.095064 0.284055 0.101895 9.996E-05 0.00292246
0.254946 9.9964E-05 0.183395 9.9964E-05 9.9964E-05 0.000554172 0.11184 0.448865 9.9964E-05
0.0306345 0.22811 9.9973E-05 9.9973E-05 9.9973E-05 0.421335 0.154183 0.00111726 0.16432
0.0371 0.188551 0.0657429 9.9982E-05 0.250501 0.0924036 0.258045 9.9982E-05 0.107457
9.9955E-05 0.677712 0.0325285 0.198515 9.9955E-05 9.9955E-05 9.9955E-05 0.090745 9.9955E-05
0.120418 9.9973E-05 9.9973E-05 0.152432 0.0768886 9.9973E-05 0.514943 0.122959 0.0120594
0.0776421 9.9955E-05 0.010408 0.251481 9.9955E-05 9.9955E-05 9.9955E-05 0.659969 9.9955E-05
0.1759 0.039741 0.102859 9.9973E-05 0.223561 9.9973E-05 0.298628 9.9973E-05 0.159012
0.00188097 0.505508 9.99561E-05 9.99561E-05 9.99561E-05 9.99561E-05 9.99561E-05 0.127525 0.364586
0.204772 9.9973E-05 0.0294805 0.0812732 0.291488 9.9973E-05 0.117323 0.275363 9.9973E-05
0.532822 0.0263503 0.190048 0.00101035 0.035745 0.00242366 9.9982E-05 0.211401 9.9982E-05
9.995E-05 9.995E-05 0.0850172 0.0730661 9.995E-05 0.528904 0.312513 9.995E-05 9.995E-05
0.0778834 0.123544 0.0382572 9.9973E-05 9.9973E-05 0.283204 0.171889 9.9973E-05 0.304922
9.9982E-05 0.0538928 0.0935518 0.0603412 0.0289503 0.598241 9.9982E-05 0.00348609 0.161337
9.9955E-05 0.284055 0.303108 9.9955E-05 0.365341 0.046997 9.9955E-05 9.9955E-05 9.9955E-05
0.0268304 0.28361 0.0353421 9.9973E-05 0.082277 9.9973E-05 9.9973E-05 0.503134 0.0685063
0.0899505 0.320064 0.103396 9.9964E-05 9.9964E-05 0.290332 9.9964E-05 9.9964E-05 0.195858
9.9955E-05 9.9955E-05 9.9955E-05 9.9955E-05 0.419736 0.460372 9.9955E-05 0.0847707 0.0346225
9.9946E-05 0.491357 0.209676 9.9946E-05 9.9946E-05 9.9946E-05 0.298367 9.9946E-05 9.9946E-05
9.996E-05 0.0759861 0.0514584 9.996E-05 9.996E-05 0.312813 0.108744 0.450598 9.996E-05
9.9982E-05 9.9982E-05 0.0123219 0.0739674 0.047459 0.0611616 0.579549 0.210213 0.0151279
9.996E-05 0.0598538 9.996E-05 0.0790041 0.374674 0.430016 9.996E-05 9.996E-05 0.0560524
9.9955E-05 9.9955E-05 9.9955E-05 9.9955E-05 0.632582 0.0231727 9.9955E-05 0.119874 0.223872
9.997E-05 0.109712 9.997E-05 0.118276 0.178436 0.0748614 0.0668318 0.451583 9.997E-05
0.101856 9.9955E-05 9.9955E-05 0.416541 0.355653 9.9955E-05 9.9955E-05 0.12545 9.9955E-05
0.0135672 0.23571 9.9973E-05 0.0693628 0.065541 9.9973E-05 9.9973E-05 0.56101 0.0545088
9.9964E-05 0.00872738 9.9964E-05 0.0587364 9.9964E-05 9.9964E-05 0.18386 0.647725 0.100551
9.9964E-05 9.9964E-05 9.9964E-05 0.8199 0.118678 0.00719465 0.0251331 0.0286942 9.9964E-05
0.312735 9.9964E-05 0.0649979 9.9964E-05 0.074147 0.180648 0.367073 9.9964E-05 9.9964E-05
9.996E-05 0.0464326 9.996E-05 0.473947 9.996E-05 0.23778 9.996E-05 0.191224 0.0502161
9.9964E-05 0.0843875 9.9964E-05 0.114757 0.183042 0.20521 9.9964E-05 0.412204 9.9964E-05
0.149972 0.0443938 0.0408849 0.0456362 0.0210833 9.9982E-05 9.9982E-05 0.052905 0.644925
0.524417 0.0420631 0.00765396 9.9973E-05 0.171569 0.048026 0.205971 9.9973E-05 9.9973E-05
0.224737 0.202895 9.9964E-05 0.0126231 9.9964E-05 9.9964E-05 0.45538 0.103964 9.9964E-05
0.199224 0.299512 9.9964E-05 9.9964E-05 0.101566 0.267481 9.9964E-05 0.131818 9.9964E-05
9.9955E-05 0.204236 9.9955E-05 0.211083 0.202825 0.381356 9.9955E-05 9.9955E-05 9.9955E-05
0.239018 9.9973E-05 0.144495 0.00177925 9.9973E-05 0.0648551 0.410151 0.139401 9.9973E-05
0.0514944 9.9973E-05 0.0810785 9.9973E-05 9.9973E-05 0.0143847 0.308185 0.24458 0.299977
0.143706 9.9964E-05 9.9964E-05 0.15113 9.9964E-05 0.618094 9.9964E-05 0.0332607 0.0534091
9.9955E-05 9.9955E-05 0.0579609 9.9955E-05 9.9955E-05 9.9955E-05 0.572112 0.214294 0.155134
0.00220658 9.9973E-05 9.9973E-05 0.196114 0.501722 9.9973E-05 0.20702 0.00954409 0.0830936
0.090804 0.385392 9.9955E-05 0.0492066 9.9955E-05 9.9955E-05 9.9955E-05 9.9955E-05 0.474097
0.0929353 9.9973E-05 9.9973E-05 0.24337 0.0615901 0.221098 0.12299 9.9973E-05 0.257717
9.9955E-05 0.247655 0.309898 9.9955E-05 9.9955E-05 0.324377 0.11757 9.9955E-05 9.9955E-05
9.99551E-05 9.99551E-05 0.147557 0.0551698 9.99551E-05 0.76022 9.99551E-05 0.0365527 9.99551E-05
0.223271 0.196196 0.170692 0.109576 9.998E-05 0.148985 9.998E-05 0.124901 0.0261798
9.9964E-05 9.9964E-05 0.293947 9.9964E-05 9.9964E-05 0.0745903 0.386586 0.080161 0.164316
0.468812 9.9946E-05 9.9946E-05 9.9946E-05 9.9946E-05 9.9946E-05 0.161862 9.9946E-05 0.368727
9.9973E-05 0.00563438 0.080232 0.537373 9.9973E-05 0.0877266 0.203316 0.0854174 9.9973E-05
0.0512127 0.0262277 9.9964E-05 9.9964E-05 9.9964E-05 0.241308 0.415248 9.9964E-05 0.265603
9.998E-05 0.258563 0.279087 0.0242442 9.998E-05 0.186476 0.0528156 0.0203213 0.178293
9.9964E-05 9.9964E-05 9.9964E-05 0.0829519 0.0426157 9.9964E-05 0.257001 0.0510885 0.565943
9.9964E-05 9.9964E-05 0.123113 0.22132 0.392611 9.9964E-05 0.0548362 0.20772 9.9964E-05
9.995E-05 0.209055 0.258283 0.0639318 9.995E-05 0.46823 9.995E-05 9.995E-05 9.995E-05
9.9955E-05 9.9955E-05 0.0377283 0.0673566 9.9955E-05 9.9955E-05 0.449037 0.445379 9.9955E-05
9.9973E-05 0.263198 9.9973E-05 9.9973E-05 0.0393074 0.170466 0.054199 0.166037 0.306492
9.9964E-05 9.9964E-05 0.219694 0.150977 9.9964E-05 0.181005 0.240121 0.207803 9.9964E-05
0.405799 0.00910185 0.390926 0.00529658 9.9964E-05 9.9964E-05 0.188477 9.9964E-05 9.9964E-05
9.9946E-05 9.9946E-05 0.521831 9.9946E-05 9.9946E-05 0.283643 0.193926 9.9946E-05 9.9946E-05
0.212445 9.9964E-05 9.9964E-05 0.520031 0.0375157 9.9964E-05 9.9964E-05 0.134618 0.0949903
9.9964E-05 0.251612 9.9964E-05 0.237717 0.017329 9.9964E-05 0.200259 0.292683 9.9964E-05
0.348898 0.0456741 9.9964E-05 9.9964E-05 9.9964E-05 0.0258084 9.9964E-05 0.116344 0.462875
9.9955E-05 0.175927 0.433884 9.9955E-05 0.0406036 9.9955E-05 9.9955E-05 0.349085 9.9955E-05
0.208344 9.9964E-05 0.247045 0.204061 9.9964E-05 9.9964E-05 0.210293 0.129858 9.9964E-05
0.0775251 9.996E-05 0.0211455 9.996E-05 0.408961 0.462852 9.996E-05 9.996E-05 0.0291161
9.9946E-05 9.9946E-05 0.102184 0.782984 9.9946E-05 9.9946E-05 9.9946E-05 9.9946E-05 0.114233
0.0791695 0.309915 0.00157953 0.127401 0.0613694 9.9991E-05 0.113761 0.0451211 0.261584
9.9955E-05 9.9955E-05 0.127885 9.9955E-05 9.9955E-05 0.571191 0.257356 9.9955E-05 0.0430686
9.9964E-05 9.9964E-05 0.315337 9.9964E-05 9.9964E-05 0.292056 0.258966 0.00550403 0.127738
9.9955E-05 0.119214 0.632717 0.0478139 9.9955E-05 9.9955E-05 0.199756 9.9955E-05 9.9955E-05
9.9946E-05 0.0727131 0.713629 9.9946E-05 9.9946E-05 9.9946E-05 9.9946E-05 9.9946E-05 0.213058
0.13024 9.9964E-05 0.015927 9.9964E-05 0.330862 0.472478 9.9964E-05 0.0500928 9.9964E-05
9.9955E-05 0.201467 9.9955E-05 9.9955E-05 9.9955E-05 9.9955E-05 0.338641 0.293154 0.166238
0.136883 0.011083 0.112151 9.9973E-05 0.375705 9.9973E-05 0.0791246 0.284753 9.9973E-05
9.9955E-05 9.9955E-05 9.9955E-05 0.0155675 9.9955E-05 9.9955E-05 0.0787072 0.0708703 0.834355
0.208066 9.9973E-05 9.9973E-05 0.00737535 9.9973E-05 0.0156786 0.209894 0.166635 0.392052
0.206801 0.109141 0.0469378 0.499106 9.9973E-05 9.9973E-05 0.0864767 0.0512376 9.9973E-05
9.9946E-05 0.221211 9.9946E-05 9.9946E-05 0.10554 9.9946E-05 9.9946E-05 0.67265 9.9946E-05
9.9964E-05 9.9964E-05 9.9964E-05 0.138537 0.321225 0.105909 0.329954 0.103975 9.9964E-05
0.273701 9.9973E-05 0.0137383 0.450908 0.0805562 0.0853598 0.0954374 9.9973E-05 9.9973E-05
0.029257 9.9973E-05 9.9973E-05 0.224862 0.381833 0.249408 9.9973E-05 0.0467641 0.0675765
0.0889865 0.14238 9.997E-05 0.50057 9.997E-05 0.00835994 0.0486144 9.997E-05 0.21079
0.0335993 0.0533934 0.103777 9.998E-05 9.998E-05 0.296651 0.0190406 0.416245 0.0770931
9.9937E-05 9.9937E-05 0.822986 9.9937E-05 9.9937E-05 0.176314 9.9937E-05 9.9937E-05 9.9937E-05
0.295524 0.0573162 9.9964E-05 0.157856 9.9964E-05 9.9964E-05 0.486062 0.00284151 9.9964E-05
9.9964E-05 9.9964E-05 0.139576 0.573644 9.9964E-05 9.9964E-05 0.073688 0.161193 0.0514988
0.305504 9.9964E-05 0.151023 9.9964E-05 9.9964E-05 9.9964E-05 0.094678 0.446941 0.0014541
9.9955E-05 0.212987 0.377205 0.205348 9.9955E-05 9.9955E-05 9.9955E-05 0.20396 9.9955E-05
0.241764 9.9973E-05 0.725646 9.9973E-05 0.0128213 0.00124471 0.0119841 9.9973E-05 0.00623999
9.9955E-05 0.260989 9.9955E-05 0.0741901 0.0973216 9.9955E-05 0.567 9.9955E-05 9.9955E-05
0.0161693 0.0640446 9.9964E-05 0.105017 9.9964E-05 9.9964E-05 0.633892 9.9964E-05 0.180477
9.9964E-05 9.9964E-05 0.286829 9.9964E-05 9.9964E-05 0.0871632 0.186518 0.185671 0.253419
0.0200576 9.9964E-05 0.515761 0.0977716 9.9964E-05 9.9964E-05 0.286112 9.9964E-05 0.0798982
0.0952408 9.998E-05 9.998E-05 0.122189 0.416808 0.291427 0.0109876 0.00942409 0.0537244
0.277828 9.9955E-05 9.9955E-05 9.9955E-05 9.9955E-05 0.49079 0.0181381 0.212744 9.9955E-05
0.194143 0.0296828 9.997E-05 0.0328994 0.591551 0.0276015 0.123823 9.997E-05 9.997E-05
0.170362 0.523193 9.996E-05 9.996E-05 0.0283046 0.0551663 9.996E-05 0.222574 9.996E-05
9.9955E-05 0.465712 0.0184181 9.9955E-05 0.503096 9.9955E-05 0.0122748 9.9955E-05 9.9955E-05
0.56033 0.105354 9.9973E-05 0.0487222 0.0613838 9.9973E-05 0.219614 0.00429574 9.9973E-05
0.0639243 0.0436764 9.998E-05 0.397061 0.338723 9.998E-05 0.0630529 0.0398811 0.0534811
0.550387 0.0742519 0.189102 9.9955E-05 9.9955E-05 0.18576 9.9955E-05 9.9955E-05 9.9955E-05
9.9955E-05 0.312127 9.9955E-05 0.416703 9.9955E-05 0.178523 9.9955E-05 0.092147 9.9955E-05
9.9982E-05 0.0731324 9.9982E-05 0.0210262 0.26831 0.360427 0.0688069 0.161014 0.0470831
0.0933369 0.114835 0.386827 9.9955E-05 0.404501 9.9955E-05 9.9955E-05 9.9955E-05 9.9955E-05
9.997E-05 0.197881 0.333651 0.115738 0.0790527 9.997E-05 9.997E-05 0.142163 0.131214
0.274366 9.997E-05 0.102302 9.997E-05 9.997E-05 0.257864 0.221438 0.00579816 0.137932
9.9955E-05 9.9955E-05 0.0891626 0.243742 9.9955E-05 0.595523 0.0710726 9.9955E-05 9.9955E-05
9.9964E-05 9.9964E-05 9.9964E-05 0.0972662 0.162139 0.320703 0.387163 0.0323291 9.9964E-05
0.127763 0.102233 9.9973E-05 9.9973E-05 0.0243482 0.15484 0.360685 9.9973E-05 0.229831
9.9964E-05 0.441898 0.0420546 0.104326 9.9964E-05 0.0236406 9.9964E-05 0.387682 9.9964E-05
9.996E-05 9.996E-05 9.996E-05 0.107485 0.498317 0.0960297 0.0353146 9.996E-05 0.262453
0.54927 0.130652 9.9973E-05 0.000941333 0.271444 9.9973E-05 0.0235131 0.0238802 9.9973E-05
9.9973E-05 0.0784456 0.0448712 9.9973E-05 9.9973E-05 0.0607742 0.0383979 0.418762 0.358449
9.9955E-05 0.231453 9.9955E-05 0.317123 0.428403 9.9955E-05 9.9955E-05 9.9955E-05 0.0225205
0.121059 0.365696 9.9964E-05 9.9964E-05 0.0701768 0.0755348 9.9964E-05 9.9964E-05 0.367134
9.9973E-05 0.0731126 0.018495 0.318012 0.316107 0.000461759 0.273512 9.9973E-05 9.9973E-05
9.9982E-05 0.0214848 9.9982E-05 0.170823 0.14016 0.419695 0.0432543 0.0571579 0.147226
9.9955E-05 9.9955E-05 0.299969 0.0903035 0.141174 9.9955E-05 9.9955E-05 9.9955E-05 0.468054
0.263912 9.9955E-05 9.9955E-05 0.000605963 0.138736 9.9955E-05 9.9955E-05 9.9955E-05 0.596247
9.9955E-05 9.9955E-05 9.9955E-05 9.9955E-05 9.9955E-05 0.0544757 0.28477 0.34536 0.314894
9.9964E-05 0.380119 9.9964E-05 9.9964E-05 0.0262696 9.9964E-05 0.345411 0.155598 0.0922025
0.0297824 9.996E-05 9.996E-05 0.214191 0.039147 9.996E-05 0.148775 9.996E-05 0.567705
9.9955E-05 0.252675 9.9955E-05 9.9955E-05 9.9955E-05 0.642095 0.0629518 9.9955E-05 0.0417787
9.9946E-05 9.9946E-05 9.9946E-05 9.9946E-05 9.9946E-05 0.229674 9.9946E-05 0.588069 0.181657
9.9964E-05 9.9964E-05 9.9964E-05 0.0463011 9.9964E-05 0.300088 0.0705119 0.460287 0.122412
0.174192 0.0086522 0.169323 0.136631 9.998E-05 0.149287 0.231843 9.998E-05 0.129872
9.997E-05 0.199418 0.116082 0.165909 9.997E-05 9.997E-05 0.154664 0.0972649 0.266362
0.0193033 0.315296 9.997E-05 0.0789629 0.0249184 9.997E-05 9.997E-05 0.326425 0.234795
0.245062 9.9964E-05 0.0956921 9.9964E-05 0.20054 0.100457 9.9964E-05 9.9964E-05 0.357849
9.9937E-05 0.656452 9.9937E-05 9.9937E-05 9.9937E-05 9.9937E-05 9.9937E-05 0.342849 9.9937E-05
0.647307 9.9946E-05 9.9946E-05 9.9946E-05 9.9946E-05 9.9946E-05 9.9946E-05 0.0585533 0.29354
0.103153 9.9955E-05 9.9955E-05 0.311845 9.9955E-05 0.510807 0.073695 9.9955E-05 9.9955E-05
0.213242 0.201384 0.15174 9.998E-05 0.197514 0.0617371 0.0265821 0.147602 9.998E-05
0.263293 0.0615662 9.9973E-05 0.127555 0.0956311 0.097381 9.9973E-05 9.9973E-05 0.354274
9.9964E-05 0.154197 0.170571 9.9964E-05 0.0914645 0.357606 9.9964E-05 0.225761 9.9964E-05
9.9955E-05 0.0204184 9.9955E-05 0.436487 0.186599 0.355995 9.9955E-05 9.9955E-05 9.9955E-05
0.0593969 0.939904 9.9937E-05 9.9937E-05 9.9937E-05 9.9937E-05 9.9937E-05 9.9937E-05 9.9937E-05
9.9946E-05 9.9946E-05 0.144957 9.9946E-05 0.581395 9.9946E-05 9.9946E-05 9.9946E-05 0.273049
0.282581 9.9964E-05 0.0269248 0.602694 9.9964E-05 0.0833835 9.9964E-05 9.9964E-05 0.00401669
9.997E-05 0.393334 9.997E-05 9.997E-05 0.0601923 0.106928 0.329651 0.0719356 0.0376596
0.294348 9.995E-05 0.0327701 0.646085 9.995E-05 0.0262976 9.995E-05 9.995E-05 9.995E-05
0.335937 9.9946E-05 9.9946E-05 9.9946E-05 0.526354 9.9946E-05 0.13711 9.9946E-05 9.9946E-05
9.9946E-05 0.20441 9.9946E-05 0.491868 9.9946E-05 9.9946E-05 0.303122 9.9946E-05 9.9946E-05
9.997E-05 9.997E-05 9.997E-05 0.091371 0.0733642 0.10059 0.47161 0.106754 0.15601
0.161135 0.672853 0.101169 9.9955E-05 0.0643428 9.9955E-05 9.9955E-05 9.9955E-05 9.9955E-05
0.0966269 9.9964E-05 0.111659 0.0389509 0.550554 9.9964E-05 9.9964E-05 0.201809 9.9964E-05
9.9955E-05 0.539397 0.0190622 0.262733 9.9955E-05 9.9955E-05 0.178308 9.9955E-05 9.9955E-05
0.0134141 0.36728 9.9955E-05 9.9955E-05 9.9955E-05 0.260009 0.358797 9.9955E-05 9.9955E-05
0.0852606 9.9964E-05 0.439651 0.0245946 0.0228076 9.9964E-05 0.427287 9.9964E-05 9.9964E-05
0.287916 9.9955E-05 0.00355494 9.9955E-05 9.9955E-05 0.419787 9.9955E-05 0.288242 9.9955E-05
0.0716813 0.189699 0.14994 0.371625 9.998E-05 0.0413965 0.0635796 0.111879 9.998E-05
0.0123516 9.9955E-05 9.9955E-05 9.9955E-05 0.29728 0.438117 9.9955E-05 0.251751 9.9955E-05
0.271096 9.9973E-05 9.9973E-05 0.11653 0.0493946 0.408123 9.9973E-05 0.0356243 0.118932
9.9955E-05 9.9955E-05 0.120559 9.9955E-05 9.9955E-05 0.357362 0.111423 9.9955E-05 0.410156
9.9955E-05 9.9955E-05 9.9955E-05 9.9955E-05 0.548011 0.291279 0.0387498 9.9955E-05 0.12146
9.9955E-05 0.26389 0.523039 9.9955E-05 0.133614 9.9955E-05 9.9955E-05 0.078957 9.9955E-05
9.9964E-05 0.0755447 0.117791 9.9964E-05 0.660974 0.071415 9.9964E-05 0.073875 9.9964E-05
0.245206 9.9955E-05 0.0374741 9.9955E-05 9.9955E-05 9.9955E-05 0.535111 0.181709 9.9955E-05
9.9955E-05 0.4158 9.9955E-05 0.328825 0.153493 9.9955E-05 9.9955E-05 9.9955E-05 0.101382
9.997E-05 9.997E-05 0.300028 0.159308 0.073154 0.0396909 0.180426 0.247093 9.997E-05
0.81304 0.0192196 9.9955E-05 9.9955E-05 9.9955E-05 0.0225417 9.9955E-05 0.144699 9.9955E-05
9.996E-05 9.996E-05 9.996E-05 0.0782275 0.229295 9.996E-05 0.342827 0.304464 0.0447858
0.00940402 0.0648747 0.10472 0.28545 9.998E-05 0.220534 9.998E-05 0.0336047 0.281213
0.0905247 9.9955E-05 9.9955E-05 0.141548 0.196864 9.9955E-05 9.9955E-05 9.9955E-05 0.570564
9.9964E-05 9.9964E-05 9.9964E-05 9.9964E-05 0.0619069 0.334517 0.111004 0.18012 0.312053
0.140633 9.996E-05 0.230641 9.996E-05 9.996E-05 0.289898 0.0606809 9.996E-05 0.277747
9.9964E-05 0.117361 0.0478304 9.9964E-05 0.586578 9.9964E-05 0.0167106 0.231121 9.9964E-05
9.9964E-05 9.9964E-05 9.9964E-05 9.9964E-05 0.536489 0.211551 0.0541509 0.193333 0.00407568
9.9973E-05 9.9973E-05 0.114613 0.0664688 0.244915 9.9973E-05 0.416995 0.12461 0.0320975
0.216513 0.180989 0.0397765 9.997E-05 0.109016 0.331318 9.997E-05 9.997E-05 0.122087
0.812473 9.9946E-05 9.9946E-05 0.0183722 9.9946E-05 0.168555 9.9946E-05 9.9946E-05 9.9946E-05
0.910237 9.9946E-05 0.0811925 9.9946E-05 9.9946E-05 9.9946E-05 9.9946E-05 9.9946E-05 0.00797084
0.160625 0.0677576 0.0688405 9.9973E-05 9.9973E-05 0.185839 0.509999 0.00663947 9.9973E-05
0.286737 0.137044 0.504964 0.0707556 9.9955E-05 9.9955E-05 9.9955E-05 9.9955E-05 9.9955E-05
0.146449 0.0262006 9.9964E-05 0.0313426 9.9964E-05 9.9964E-05 9.9964E-05 0.301481 0.494127
9.9955E-05 9.9955E-05 0.127459 9.9955E-05 0.543967 0.32762 9.9955E-05 0.000454326 9.9955E-05
0.0549749 0.39476 9.9964E-05 9.9964E-05 9.9964E-05 0.231929 0.00514886 0.312787 9.9964E-05
0.0159457 0.161723 0.120443 9.9964E-05 0.118406 9.9964E-05 0.583082 9.9964E-05 9.9964E-05
0.03934 9.9964E-05 9.9964E-05 9.9964E-05 0.129521 0.204585 0.229028 0.397128 9.9964E-05
0.035802 9.9973E-05 0.00778223 0.388988 0.105493 0.153879 9.9973E-05 0.307755 9.9973E-05
0.0382737 0.0869762 0.512919 9.9964E-05 9.9964E-05 0.333808 0.0276234 9.9964E-05 9.9964E-05
0.413032 0.0134188 9.998E-05 0.00743237 0.102901 0.257797 0.173989 0.0312297 9.998E-05
9.9973E-05 9.9973E-05 9.9973E-05 0.024393 0.0418194 0.227687 0.662045 0.0257087 0.0180471
9.9955E-05 9.9955E-05 0.0887295 9.9955E-05 0.603774 9.9955E-05 9.9955E-05 0.276065 0.0309321
9.9955E-05 0.205911 0.446766 9.9955E-05 0.0162675 9.9955E-05 0.330556 9.9955E-05 9.9955E-05
0.313001 9.9964E-05 9.9964E-05 0.0189627 0.459918 0.176991 9.9964E-05 0.0307273 9.9964E-05
0.0781972 0.38278 9.9964E-05 0.144626 9.9964E-05 9.9964E-05 0.242726 9.9964E-05 0.151271
0.163841 0.081936 9.996E-05 0.217265 0.0355876 9.996E-05 0.500971 9.996E-05 9.996E-05
9.9946E-05 0.64155 9.9946E-05 9.9946E-05 0.116824 0.241026 9.9946E-05 9.9946E-05 9.9946E-05
0.417772 0.0467976 9.995E-05 9.995E-05 9.995E-05 9.995E-05 0.413015 0.121915 9.995E-05
0.609597 9.9955E-05 9.9955E-05 0.0828534 9.9955E-05 0.129241 0.177809 9.9955E-05 9.9955E-05
0.15422 9.994E-05 0.559497 9.994E-05 9.994E-05 9.994E-05 9.994E-05 9.994E-05 0.285683
9.997E-05 0.265527 9.997E-05 9.997E-05 0.454879 0.0159758 0.0700851 0.0353369 0.157896
9.9955E-05 9.9955E-05 0.46451 0.0272111 9.9955E-05 0.236603 9.9955E-05 9.9955E-05 0.271176
9.9937E-05 9.9937E-05 9.9937E-05 0.422999 9.9937E-05 9.9937E-05 0.576302 9.9937E-05 9.9937E-05
9.9964E-05 0.0385966 9.9964E-05 0.122841 9.9964E-05 0.0789276 0.121788 0.637446 9.9964E-05
0.0154916 0.284994 0.157295 0.148655 9.997E-05 9.997E-05 0.00615971 9.997E-05 0.387105
9.997E-05 0.0142895 0.454427 9.997E-05 0.275432 0.113035 0.0911965 9.997E-05 0.0513194
0.164033 0.0654493 0.0980813 9.9964E-05 9.9964E-05 9.9964E-05 9.9964E-05 0.647664 0.024373
9.9964E-05 0.325793 0.219284 9.9964E-05 9.9964E-05 0.00887232 9.9964E-05 0.033404 0.412247
9.9946E-05 0.0822772 9.9946E-05 9.9946E-05 9.9946E-05 0.00337022 9.9946E-05 9.9946E-05 0.913753
0.0941055 0.400388 9.995E-05 9.995E-05 0.110944 9.995E-05 0.394062 9.995E-05 9.995E-05
9.9955E-05 0.0166952 9.9955E-05 0.509649 9.9955E-05 0.0108716 0.462285 9.9955E-05 9.9955E-05
9.9973E-05 0.030078 0.352842 9.9973E-05 0.189274 9.9973E-05 0.0363082 0.0582854 0.332913
9.9964E-05 9.9964E-05 0.116486 9.9964E-05 0.470928 0.164294 0.226155 9.9964E-05 0.0217363
9.995E-05 9.995E-05 0.192955 0.360034 9.995E-05 0.348859 9.995E-05 9.995E-05 0.0976524
9.9955E-05 9.9955E-05 9.9955E-05 9.9955E-05 0.0978158 0.482389 0.257551 9.9955E-05 0.161745
0.0711581 9.9964E-05 0.358942 0.115798 0.180488 9.9964E-05 9.9964E-05 0.273214 9.9964E-05
