9.9991E-05 0.215222 0.306402 0.478276
0.601018 0.0167945 0.28643 0.0957571
9.9982E-05 0.539213 9.9982E-05 0.460587
9.999E-05 0.185469 0.122679 0.691752
0.368565 9.9991E-05 0.259024 0.372311
0.0825221 0.171716 0.446797 0.298966
0.4425 0.418525 9.9991E-05 0.138875
0.389449 0.181976 0.428475 9.9991E-05
0.451262 0.0706253 0.423453 0.0546596
9.9982E-05 9.9982E-05 0.383366 0.616435
0.301336 0.191769 0.478119 0.0287763
0.0430978 0.510857 0.32577 0.120275
0.543099 0.1515 9.9991E-05 0.305301
9.999E-05 0.402432 0.213491 0.383977
9.999E-05 0.424615 0.147521 0.427764
9.9991E-05 0.45266 0.0898086 0.457431
0.466915 9.9982E-05 9.9982E-05 0.532886
0.402313 9.9991E-05 0.510054 0.0875327
0.14097 0.606633 9.9991E-05 0.252297
0.0217979 0.200519 0.339548 0.438135
0.497547 0.0979299 0.323835 0.0806874
0.12128 0.0225808 0.486203 0.369936
0.393324 0.176037 9.9991E-05 0.430539
0.466657 9.9991E-05 0.450189 0.0830543
0.332001 9.9991E-05 0.40725 0.260648
0.246374 0.493933 0.259593 9.9991E-05
0.464434 0.383618 9.9991E-05 0.151848
0.46681 0.31132 0.149772 0.0720974
0.303861 0.0110511 0.336621 0.348467
0.425384 9.9991E-05 0.294815 0.279701
0.389497 9.9991E-05 0.422383 0.18802
9.9991E-05 0.34438 0.520185 0.135335
0.0261565 0.25706 0.174993 0.54179
0.0844585 0.0893075 0.0823309 0.743903
0.549962 0.013486 0.246485 0.190067
0.348502 0.334147 9.9991E-05 0.317252
0.140589 0.440139 0.0289396 0.390332
0.247654 0.350893 0.0534606 0.347992
0.162577 0.399358 9.9991E-05 0.437965
0.101944 0.0927292 0.565078 0.240248
0.156253 0.277934 0.142469 0.423344
0.0979261 0.262148 0.639826 9.9991E-05
0.149593 0.366851 0.483456 9.9991E-05
0.265498 0.241087 0.333928 0.159487
0.366746 0.132597 0.0373169 0.463341
0.478062 0.337409 9.9991E-05 0.18443
0.221613 0.401712 9.9991E-05 0.376575
0.415994 0.10278 0.176317 0.304908
0.438465 9.9982E-05 0.561335 9.9982E-05
9.9982E-05 9.9982E-05 0.523621 0.476179
0.207469 0.29545 0.324392 0.172689
0.323048 9.9991E-05 0.286475 0.390378
0.140887 0.241672 0.0947064 0.522735
0.239617 0.483201 9.9991E-05 0.277082
9.9991E-05 0.526997 0.189681 0.283222
0.328119 0.249857 0.050693 0.371331
0.425544 0.17895 0.248225 0.14728
0.196063 0.540971 0.262866 9.9991E-05
0.134317 0.404357 0.461226 9.9991E-05
0.0121824 0.533379 0.309033 0.145405
0.371223 0.169865 0.0896407 0.369272
0.277708 0.126383 0.0860129 0.509896
0.0623975 0.17654 0.68143 0.0796325
0.68224 0.164232 0.153428 9.9991E-05
0.258917 0.298309 0.0840414 0.358732
0.156533 0.239851 0.347801 0.255816
0.281764 0.489131 9.9991E-05 0.229005
0.354014 9.9991E-05 0.382164 0.263722
0.23934 0.417752 0.329014 0.0138947
0.0701183 0.0693867 0.217848 0.642647
0.672884 0.293611 9.9991E-05 0.0334047
0.125851 0.273154 0.444113 0.156882
0.197555 0.802245 9.9982E-05 9.9982E-05
0.429509 0.350968 0.162332 0.0571918
0.117262 0.292621 0.510713 0.0794037
0.266756 9.9991E-05 0.500844 0.2323
0.296491 9.9991E-05 0.390876 0.312533
0.0354178 9.9991E-05 0.399563 0.56492
0.331457 0.298597 0.215666 0.15428
0.275131 0.724669 9.9982E-05 9.9982E-05
0.244144 9.9991E-05 0.458954 0.296802
0.135006 0.640597 0.213429 0.0109679
0.556394 9.9982E-05 0.443406 9.9982E-05
0.410202 0.155831 0.394337 0.0396297
0.231033 0.0367674 0.0829866 0.649213
0.415885 0.362054 0.221961 9.9991E-05
0.182183 9.9991E-05 0.419336 0.398382
0.217978 0.324752 9.9991E-05 0.45717
0.125047 0.104115 0.31156 0.459278
0.501492 0.469392 9.9991E-05 0.0290167
0.281716 0.252057 0.4323 0.0339261
0.475783 9.9991E-05 0.0858969 0.43822
0.316394 0.642648 9.9991E-05 0.0408584
0.293914 0.0153343 0.209026 0.481726
0.216462 0.496762 0.236278 0.0504983
0.250153 0.401929 0.347818 9.9991E-05
0.0865247 9.9991E-05 0.480456 0.432919
0.356993 0.0589947 0.207013 0.376999
0.23046 0.407256 0.213702 0.148582
0.348009 0.383551 0.020612 0.247829
9.9991E-05 0.206765 0.593973 0.199162
0.22915 0.147295 0.353871 0.269684
9.9991E-05 0.54567 0.331445 0.122784
0.443029 0.188551 0.012022 0.356398
0.177762 0.289591 0.262996 0.269651
0.515801 9.9991E-05 0.0825982 0.401501
9.9991E-05 0.235508 0.44032 0.324072
0.0481214 0.416289 0.310113 0.225476
9.9991E-05 0.196289 0.510323 0.293288
0.621601 0.148963 0.229336 9.9991E-05
0.115112 0.0359154 0.274397 0.574576
0.0375434 0.185201 0.59387 0.183386
0.560709 0.0988387 0.340352 9.9991E-05
0.28345 0.048818 0.667632 9.9991E-05
0.0354246 0.220281 0.350735 0.39356
0.315466 9.9991E-05 0.298185 0.386249
0.190008 0.294659 0.110567 0.404765
0.142886 0.404708 0.167794 0.284612
9.9991E-05 0.341917 0.186584 0.471399
0.162375 0.345763 0.0207748 0.471087
0.286148 0.380925 0.332827 9.9991E-05
0.192019 0.347726 0.19596 0.264295
0.364025 0.193964 0.118043 0.323967
0.387324 0.446376 0.166199 9.9991E-05
0.00507787 0.116482 0.522658 0.355782
0.186288 0.271861 0.00994575 0.531905
0.541861 0.0873824 0.370657 9.9991E-05
0.295225 0.265058 0.297681 0.142036
0.317847 9.9991E-05 0.380356 0.301698
0.375231 0.277886 0.234157 0.112726
0.595482 0.198912 0.13268 0.0729261
0.0116597 0.417916 0.407879 0.162545
0.35617 0.341081 0.2363 0.0664501
0.315786 9.9991E-05 0.429412 0.254702
0.163301 0.0655397 0.517801 0.253359
0.156155 0.393708 0.134991 0.315146
0.593136 0.0628798 0.229665 0.11432
0.028057 0.622894 0.348949 9.9991E-05
9.9991E-05 0.534701 0.138165 0.327033
0.490569 0.364598 0.144733 9.9991E-05
0.56579 0.361649 9.9991E-05 0.0724609
0.0720399 9.9991E-05 0.401491 0.526369
9.9991E-05 0.542482 0.292148 0.16527
0.338063 0.230831 0.26494 0.166166
0.416321 0.0811073 0.0704281 0.432143
0.10202 0.411064 9.9991E-05 0.486815
0.362386 0.349757 0.287757 9.9991E-05
9.9991E-05 0.554197 0.168298 0.277405
0.111588 0.391611 0.330228 0.166573
0.691408 0.0817923 0.2267 9.9991E-05
0.446909 0.210575 0.0363972 0.306119
0.500714 0.10302 9.9991E-05 0.396166
9.9991E-05 0.319514 0.198996 0.48139
0.154824 0.212257 0.413276 0.219643
0.0672833 0.380666 0.0730791 0.478972
0.0578498 0.383488 0.279008 0.279654
9.9982E-05 0.371947 0.627853 9.9982E-05
0.0673276 0.0545178 0.681561 0.196594
0.199469 0.23501 0.56542 9.9991E-05
0.464628 0.301154 0.234118 9.9991E-05
0.28923 0.42862 0.229124 0.0530258
0.0730443 0.436671 9.9991E-05 0.490185
0.243574 9.9991E-05 0.352478 0.403847
0.515709 0.32642 0.157771 9.9991E-05
0.0962712 0.124835 0.37306 0.405834
0.239618 9.9991E-05 0.745235 0.0150468
0.139492 0.557881 0.00948343 0.293143
0.301465 0.29245 9.9991E-05 0.405985
0.407143 9.9991E-05 0.0673452 0.525412
0.441857 0.0550007 0.0695019 0.433641
9.9991E-05 0.806833 0.151882 0.0411858
0.13765 0.635893 0.0431302 0.183326
0.115198 0.683943 0.0811523 0.119707
0.632347 9.9991E-05 0.146839 0.220714
0.221717 0.169322 0.0848232 0.524138
0.271693 0.065258 0.554143 0.108906
0.150796 0.310527 0.316135 0.222542
9.9991E-05 0.477092 0.363705 0.159102
0.249923 0.423003 0.322678 0.00439701
0.203684 0.497853 0.0182596 0.280203
0.827569 0.00671827 0.0397452 0.125968
0.669449 0.29378 0.0366704 9.9991E-05
0.0624353 0.621921 0.110821 0.204823
0.329433 0.386901 0.263196 0.02047
0.141486 0.257621 0.41816 0.182733
0.0881987 0.257146 0.334228 0.320427
0.522018 9.9991E-05 0.355821 0.122061
0.334084 9.9991E-05 0.188297 0.477518
0.592094 0.180621 9.9991E-05 0.227185
0.109731 0.177773 0.712396 9.9991E-05
0.478047 0.131473 0.140135 0.250344
0.436451 0.130703 0.346043 0.0868033
9.9991E-05 0.176194 0.481893 0.341813
0.281973 0.315363 0.0767236 0.325941
9.9991E-05 0.480631 0.395867 0.123402
0.384435 0.412829 0.113669 0.0890673
0.204324 0.374019 0.413873 0.00778358
0.0458428 0.0939879 0.173048 0.687121
0.364724 0.203303 0.363757 0.0682163
0.577821 0.135235 0.207781 0.0791635
0.157918 0.219798 0.321313 0.300971
0.233723 9.9991E-05 0.419077 0.347101
9.9991E-05 0.0757389 0.393601 0.53056
0.606553 9.9982E-05 0.393247 9.9982E-05
9.9991E-05 0.126729 0.111316 0.761854
0.13394 0.231783 0.197965 0.436312
0.689466 0.0566083 9.9991E-05 0.253826
0.120696 0.158783 9.9991E-05 0.720421
9.9991E-05 0.124954 0.208276 0.66667
9.9991E-05 0.161383 0.628186 0.210331
0.302357 0.163202 0.4176 0.11684
0.0850907 0.344723 9.9991E-05 0.570087
0.0872899 0.188225 0.0951055 0.629379
9.9982E-05 0.29132 0.70848 9.9982E-05
0.374079 0.129841 0.154364 0.341716
0.0648095 0.299203 0.273736 0.362251
0.169798 0.271041 0.150918 0.408242
0.152563 0.353773 0.355468 0.138196
0.24576 9.9991E-05 0.223549 0.530591
0.267695 0.402419 0.10065 0.229236
0.533886 0.0641879 9.9991E-05 0.401826
0.329315 0.285009 9.9991E-05 0.385576
0.0963753 0.204698 0.579375 0.119552
0.379844 0.141752 0.241655 0.236749
0.280081 9.9991E-05 0.333684 0.386135
0.492852 9.9991E-05 0.312857 0.194191
0.414964 9.9991E-05 0.162677 0.42226
0.154047 0.349704 9.9991E-05 0.496149
9.9991E-05 0.544863 0.164549 0.290488
0.24547 0.376323 0.346321 0.0318851
9.9982E-05 9.9982E-05 0.634073 0.365727
0.180062 0.354603 0.429333 0.036002
0.265008 0.0130543 0.12791 0.594028
0.32837 0.109329 0.172966 0.389334
0.395912 0.100114 0.3566 0.147374
0.300339 0.160394 0.539167 9.9991E-05
0.0278876 0.053723 0.601313 0.317076
0.29212 0.251763 0.387296 0.0688211
0.0371842 0.414238 0.531883 0.0166947
0.238621 0.0740297 0.468467 0.218882
0.563969 9.9991E-05 0.424552 0.0113791
0.473992 0.121901 0.284613 0.119494
0.364002 0.503188 0.105675 0.0271345
0.855176 0.0908546 0.0538693 9.9991E-05
0.290119 0.362502 0.00693524 0.340444
0.447683 0.299075 0.0925003 0.160742
0.0456839 0.701496 0.0859544 0.166866
0.105349 0.55561 0.331996 0.00704563
0.524406 9.9991E-05 0.211048 0.264446
0.231601 0.318641 0.449658 9.9991E-05
