0.442421 9.9982E-05 0.0497323 0.248568 9.9982E-05 0.259079
0.0182843 9.9991E-05 0.196298 0.288004 0.184506 0.312808
9.9982E-05 0.208663 9.9982E-05 0.208835 0.219338 0.362964
0.0448922 0.523135 9.9982E-05 9.9982E-05 0.288581 0.143192
9.9973E-05 0.238433 9.9973E-05 0.0391668 0.722101 9.9973E-05
0.295144 9.9982E-05 9.9982E-05 0.0928715 0.240262 0.371522
0.370645 0.0237011 0.261744 0.235954 0.107856 9.9991E-05
0.710624 0.0988286 0.156194 0.0214502 0.0128031 9.9991E-05
0.508817 9.9982E-05 0.37794 0.0255975 9.9982E-05 0.0874453
0.0280039 0.0926106 0.249202 0.629984 9.9982E-05 9.9982E-05
9.9982E-05 0.161086 0.47344 9.9982E-05 0.17439 0.190884
0.539443 0.0590349 9.9991E-05 0.155398 0.0431206 0.202904
9.9982E-05 0.282616 9.9982E-05 0.129689 0.0411995 0.546296
0.175229 0.0401866 0.20063 9.9991E-05 0.143676 0.440178
9.9982E-05 0.541736 0.10906 9.9982E-05 0.0315606 0.317443
0.455131 0.0604677 0.270481 0.141684 9.9991E-05 0.072137
9.9973E-05 9.9973E-05 0.157609 9.9973E-05 0.766993 0.0750975
9.99657E-05 9.99657E-05 0.31837 9.99657E-05 0.68123 9.99657E-05
0.160273 0.377729 0.0899543 0.125357 0.00727208 0.239415
9.9982E-05 0.318091 0.105815 0.164278 0.411617 9.9982E-05
0.0909958 0.0224394 9.9982E-05 0.523237 9.9982E-05 0.363127
0.366037 0.360528 0.24979 0.0234447 9.9982E-05 9.9982E-05
0.22384 0.344736 0.177304 0.00919823 9.9991E-05 0.244823
0.370941 0.386106 0.242653 9.9973E-05 9.9973E-05 9.9973E-05
0.0706692 0.191074 0.00762779 0.338828 0.178431 0.21337
0.257798 0.16526 0.271176 9.9991E-05 0.265638 0.0400284
0.209175 0.429413 0.2758 9.9991E-05 0.0607975 0.0247138
0.0439874 0.165504 0.220707 9.9991E-05 0.137677 0.432024
0.090336 0.144377 9.9982E-05 0.337969 9.9982E-05 0.427118
0.307003 0.164412 9.9982E-05 0.23212 9.9982E-05 0.296266
0.218778 9.9991E-05 0.00168426 0.25035 0.441689 0.0873995
9.999E-05 0.192935 0.450102 0.246827 0.0802827 0.0297531
0.0882604 0.277526 0.160103 9.9991E-05 0.0849752 0.389036
0.186015 9.9973E-05 0.301242 0.512443 9.9973E-05 9.9973E-05
0.125777 0.343212 0.283189 0.0998444 9.9991E-05 0.147877
0.201604 9.9973E-05 9.9973E-05 9.9973E-05 0.254451 0.543645
9.9964E-05 0.299183 9.9964E-05 9.9964E-05 0.700417 9.9964E-05
0.125472 0.0918985 0.430323 9.9991E-05 0.0937896 0.258417
0.349979 0.0268987 0.291083 0.109923 9.9991E-05 0.222016
0.214927 0.183877 0.351183 0.013407 0.103994 0.132612
0.137332 0.454315 0.168708 0.114075 0.0605319 0.0650382
0.0258547 9.9991E-05 0.352039 0.130103 0.354199 0.137703
0.00616624 0.106459 9.9982E-05 0.713452 9.9982E-05 0.173723
9.9982E-05 9.9982E-05 0.319645 0.145112 0.117739 0.417305
0.361481 0.198074 0.255195 0.0484876 0.136663 9.9991E-05
0.103514 0.176653 0.248972 0.253893 0.112968 0.104
0.400649 0.180484 0.22849 0.0660289 0.124248 9.9991E-05
9.9964E-05 9.9964E-05 0.757055 9.9964E-05 0.242545 9.9964E-05
9.9973E-05 9.9973E-05 9.9973E-05 0.151999 0.173888 0.673813
0.188948 0.395637 0.260302 9.9982E-05 0.154914 9.9982E-05
0.140251 0.57691 9.9991E-05 0.0520676 0.0808903 0.14978
0.000554418 9.9991E-05 0.335385 0.1205 0.272168 0.271293
0.246584 0.135672 9.9982E-05 9.9982E-05 0.220835 0.396709
9.9982E-05 9.9982E-05 0.229277 0.57873 0.115381 0.0764121
0.0072841 0.617609 0.00089237 0.171026 9.9991E-05 0.203089
0.503302 0.309875 9.9982E-05 0.104028 9.9982E-05 0.0825952
0.624304 9.9964E-05 9.9964E-05 9.9964E-05 9.9964E-05 0.375296
0.252873 0.356171 0.114388 9.9982E-05 9.9982E-05 0.276368
0.103075 0.757274 0.0124213 0.12703 9.99879E-05 9.99879E-05
0.32402 0.0227087 9.9982E-05 9.9982E-05 0.633423 0.0196487
0.354088 0.246776 0.183916 0.215019 9.9982E-05 9.9982E-05
0.110128 9.9991E-05 0.145023 0.287115 0.150738 0.306895
0.327205 9.9973E-05 0.613687 0.0588086 9.9973E-05 9.9973E-05
0.0735664 0.231687 9.9991E-05 0.262159 0.0123797 0.420108
0.113084 0.17186 9.9982E-05 9.9982E-05 0.293724 0.421132
0.063073 9.9982E-05 0.116388 0.290954 0.529385 9.9982E-05
9.9982E-05 9.9982E-05 0.0643767 0.260385 0.282143 0.392896
9.9982E-05 0.0623883 0.148444 9.9982E-05 0.160172 0.628796
9.9982E-05 0.152681 0.498422 0.0405864 9.9982E-05 0.308111
0.558368 9.9982E-05 0.175731 0.237595 0.0281058 9.9982E-05
0.0883684 0.093125 0.359382 0.0432354 0.00985992 0.40603
0.167934 9.9973E-05 9.9973E-05 0.4087 0.423066 9.9973E-05
0.497173 9.9982E-05 9.9982E-05 0.0424512 0.288734 0.171442
0.0806385 0.555674 9.9973E-05 9.9973E-05 0.363387 9.9973E-05
9.9991E-05 0.348804 0.0670651 0.0933168 0.138677 0.352037
0.0271316 9.9982E-05 0.727496 0.0319476 9.9982E-05 0.213225
0.402462 0.199345 9.9991E-05 0.034542 0.00799535 0.355555
0.710906 9.9982E-05 0.00526136 0.106099 9.9982E-05 0.177533
0.158302 0.157835 0.294834 0.184336 0.0480693 0.156624
0.312717 0.19306 0.330611 0.163412 9.9982E-05 9.9982E-05
0.476096 0.114227 9.9982E-05 0.352496 0.0569809 9.9982E-05
9.9982E-05 9.9982E-05 0.621438 0.317513 0.0208736 0.0399753
0.456538 0.0366412 0.134193 9.9982E-05 0.372428 9.9982E-05
9.9973E-05 0.639074 0.135972 0.224654 9.9973E-05 9.9973E-05
9.9982E-05 0.307226 0.194272 0.0617771 9.9982E-05 0.436525
0.376967 0.06561 9.9973E-05 0.557123 9.9973E-05 9.9973E-05
0.357528 9.9973E-05 9.9973E-05 0.447813 0.194359 9.9973E-05
0.468256 0.118954 9.9982E-05 0.0958449 0.316745 9.9982E-05
0.133733 0.249756 0.326908 0.0740654 0.0425475 0.17299
9.9982E-05 0.512449 0.150155 9.9982E-05 0.236311 0.100885
0.22261 9.9991E-05 0.401327 0.306365 0.064312 0.00528557
0.165166 0.274916 0.265866 0.203057 0.0908952 9.9991E-05
0.543163 0.156691 9.9982E-05 0.242728 0.0572187 9.9982E-05
0.0225304 0.428741 0.347372 9.9982E-05 9.9982E-05 0.201156
9.9982E-05 9.9982E-05 0.265669 0.14588 0.255812 0.332439
0.230785 0.127768 9.9982E-05 0.551052 9.9982E-05 0.0901955
0.230034 9.9973E-05 0.502717 9.9973E-05 9.9973E-05 0.266948
0.0875298 0.310688 0.0533586 0.379855 0.0249386 0.14363
0.0974674 0.0646278 0.0935774 0.635863 0.0589017 0.0495628
0.221518 0.0841374 0.485286 0.0509399 9.9991E-05 0.158019
0.105321 0.18231 0.114794 0.433241 9.9991E-05 0.164234
9.9991E-05 0.249209 0.203982 0.2469 0.210863 0.0889461
9.9982E-05 9.9982E-05 0.158489 0.349413 0.466962 0.0249357
9.9982E-05 0.549819 9.9982E-05 0.118199 0.126924 0.204858
0.33207 0.0515702 0.292269 9.9982E-05 9.9982E-05 0.323891
9.9982E-05 9.9982E-05 0.329738 0.158796 0.0838214 0.427444
0.313734 0.176028 9.9991E-05 0.129916 0.235662 0.14456
9.9982E-05 0.132261 9.9982E-05 0.57806 0.148665 0.140814
0.185982 0.291104 0.131812 0.270527 0.120475 9.9991E-05
0.244587 0.229721 0.373356 0.126612 9.9991E-05 0.0256243
0.278669 0.37753 0.316799 0.0268028 9.9982E-05 9.9982E-05
0.283759 0.0111672 0.411114 0.284549 0.00931107 9.9991E-05
9.9973E-05 0.34884 9.9973E-05 0.248004 9.9973E-05 0.402856
9.9982E-05 0.0106863 9.9982E-05 0.323277 0.178641 0.487195
0.357895 0.344313 0.297492 9.9973E-05 9.9973E-05 9.9973E-05
9.9973E-05 9.9973E-05 0.217095 9.9973E-05 0.316738 0.465866
0.143113 0.488636 0.228699 9.9982E-05 0.139351 9.9982E-05
9.9973E-05 0.404567 0.0895761 9.9973E-05 0.505557 9.9973E-05
0.0556294 0.0642511 0.499599 0.116914 9.9991E-05 0.263507
9.9973E-05 9.9973E-05 0.274108 9.9973E-05 0.220025 0.505567
0.533919 9.9982E-05 0.292982 0.161024 9.9982E-05 0.0118743
9.9991E-05 0.116101 0.0738483 0.436452 0.218695 0.154803
0.00955091 9.9982E-05 9.9982E-05 0.232173 0.505057 0.25302
0.323518 0.0952884 0.0624991 0.2584 0.151074 0.10922
0.167613 0.302919 0.243201 0.0651338 0.0217494 0.199384
9.9982E-05 0.110457 0.052965 0.616015 9.9982E-05 0.220363
9.9991E-05 0.259912 0.654108 0.034413 0.0511362 0.000330299
0.086854 0.156068 0.539267 9.9991E-05 0.0372031 0.180508
9.9991E-05 0.0984339 0.143395 0.339375 0.108306 0.310391
9.9982E-05 9.9982E-05 0.0417484 0.469775 0.438196 0.0500802
9.9991E-05 0.0602223 0.222498 0.19424 0.469915 0.053024
0.485802 0.00372972 0.469168 0.0104966 0.0307046 9.9991E-05
9.9982E-05 0.123821 0.662953 0.199554 9.9982E-05 0.0134725
0.475225 0.0707405 0.18987 0.0896448 0.17442 9.9991E-05
9.9982E-05 0.214617 0.160026 0.469642 0.155514 9.9982E-05
0.538307 0.135696 9.9982E-05 0.120844 9.9982E-05 0.204953
0.0374561 0.218987 0.10763 0.323556 0.312271 9.9991E-05
0.323133 9.9982E-05 0.0516046 0.074586 0.550477 9.9982E-05
0.476862 0.0164562 0.0422466 0.0671047 0.39723 9.9991E-05
0.584817 9.9973E-05 9.9973E-05 0.124838 0.290045 9.9973E-05
0.103777 9.9991E-05 0.19083 0.122134 0.575172 0.00798711
9.9991E-05 0.0484766 0.13791 0.0505872 0.205469 0.557457
0.0949655 0.00456022 9.9991E-05 0.168483 0.332593 0.399298
9.9991E-05 0.0650421 0.0482697 0.561503 0.313249 0.0118361
0.102936 0.144003 0.221703 0.125597 0.209342 0.196421
9.9982E-05 9.9982E-05 0.0547385 0.253058 0.150143 0.541861
0.515789 0.182935 0.086315 0.11964 0.00565657 0.0896652
9.9982E-05 0.458041 0.104793 0.274324 0.162642 9.9982E-05
0.0535289 9.9982E-05 0.147434 0.680157 0.11868 9.9982E-05
9.9982E-05 0.185637 0.109257 0.358353 0.346553 9.9982E-05
9.9973E-05 0.399666 9.9973E-05 0.345973 0.254062 9.9973E-05
0.250801 0.261012 0.155746 9.9982E-05 9.9982E-05 0.33224
0.0553626 0.188509 0.146529 0.222335 0.257771 0.129493
0.126638 0.014184 0.376119 9.9991E-05 0.0968112 0.386147
0.266635 0.354512 0.000966035 9.9982E-05 9.9982E-05 0.377687
0.0581355 0.323157 9.9991E-05 0.124208 0.211587 0.282812
9.9991E-05 0.50825 0.00694316 0.0885283 0.0224818 0.373696
0.102206 9.9991E-05 0.0819317 0.627823 0.0933638 0.0945751
0.305968 0.0380696 0.181519 0.368357 9.9991E-05 0.105986
0.325804 0.364157 0.0328858 9.9982E-05 0.276953 9.9982E-05
0.0147136 0.410043 9.9982E-05 0.0408208 0.534222 9.9982E-05
9.9982E-05 0.110028 0.0969114 0.319721 0.47314 9.9982E-05
0.131971 0.17551 0.311567 0.0964935 0.284359 9.9991E-05
9.9982E-05 0.513248 0.125096 0.216715 0.144741 9.9982E-05
0.105451 0.266872 0.0199983 0.409155 9.9991E-05 0.198423
9.9991E-05 0.177166 0.268204 0.315013 0.159473 0.0800458
0.21033 0.0270901 9.9982E-05 0.476943 0.285437 9.9982E-05
0.445059 0.0929446 0.292202 0.169595 9.9982E-05 9.9982E-05
0.356055 0.172915 0.195995 0.173108 0.101826 9.9991E-05
0.10486 0.491681 9.9982E-05 0.0137778 9.9982E-05 0.389482
0.309637 0.414477 0.0204667 9.9991E-05 0.118036 0.137283
0.498613 0.10191 0.121827 9.9991E-05 0.251555 0.0259938
9.9982E-05 0.330057 9.9982E-05 0.105791 0.158796 0.405156
0.459319 9.9982E-05 0.101292 0.414154 9.9982E-05 0.0250348
0.465639 0.0507525 0.213114 9.9991E-05 0.151252 0.119143
0.199145 0.244195 9.9982E-05 0.216262 0.340198 9.9982E-05
0.607759 9.9991E-05 0.00318589 0.300606 0.00571501 0.0826335
0.0174762 0.171792 0.0481197 0.226622 0.304194 0.231796
9.9973E-05 0.306879 9.9973E-05 0.366121 9.9973E-05 0.3267
0.163584 0.193024 9.9982E-05 9.9982E-05 0.253302 0.38989
0.100195 0.0624076 0.0624281 0.417942 0.301607 0.0554206
0.32422 0.148647 0.296765 0.00700878 0.223259 9.9991E-05
0.0550568 0.193986 9.9991E-05 0.480333 0.170862 0.0996616
9.9982E-05 0.107603 0.213671 9.9982E-05 0.285309 0.393217
9.9982E-05 0.121271 0.243092 0.551112 0.0843251 9.9982E-05
0.0636917 0.148013 0.439148 0.102039 9.9991E-05 0.247009
0.348342 0.296535 0.113074 9.9982E-05 9.9982E-05 0.241849
9.9982E-05 9.9982E-05 0.027708 0.115307 0.459816 0.396969
0.0348209 9.9973E-05 0.199652 0.765227 9.9973E-05 9.9973E-05
0.232546 0.45646 0.266247 9.9982E-05 9.9982E-05 0.0445474
9.9982E-05 0.0069114 0.472917 0.077714 9.9982E-05 0.442258
0.180375 0.124434 0.0514941 0.237085 0.047378 0.359234
9.9982E-05 9.9982E-05 0.199385 0.601829 0.178796 0.0197901
0.227346 0.0979453 0.253419 0.0122623 9.9991E-05 0.408927
9.9982E-05 0.13419 9.9982E-05 0.179693 0.015059 0.670859
0.156892 0.603148 9.9991E-05 0.0595127 0.0653968 0.11495
0.446392 0.111713 9.9991E-05 0.14309 0.272289 0.0264153
0.159801 9.9991E-05 0.201004 0.0902999 0.123572 0.425223
0.0599529 9.9982E-05 9.9982E-05 0.0680369 0.701118 0.170692
9.9973E-05 0.25536 0.67429 9.9973E-05 0.0700497 9.9973E-05
0.139731 0.538352 0.026499 9.9982E-05 0.295217 9.9982E-05
0.450755 9.9973E-05 0.34166 9.9973E-05 9.9973E-05 0.207285
0.266928 9.9982E-05 0.247538 9.9982E-05 0.293753 0.191581
0.240716 9.9982E-05 0.504379 9.9982E-05 0.221815 0.0328891
0.263097 0.556694 9.9982E-05 0.0487463 0.131263 9.9982E-05
0.0951868 0.441296 9.9982E-05 0.187217 9.9982E-05 0.2761
0.304887 0.241031 0.196459 0.143894 0.0150872 0.098642
0.319751 0.546511 0.0300434 9.9991E-05 0.0917581 0.0118365
0.23794 9.9982E-05 0.0498062 9.9982E-05 0.136547 0.575507
0.0158175 9.9982E-05 9.9982E-05 0.365921 0.482874 0.135188
0.153155 9.9982E-05 0.524866 9.9982E-05 0.0843789 0.2374
0.357411 0.342189 9.9982E-05 9.9982E-05 0.221096 0.0791035
9.9991E-05 0.0754653 0.132959 0.15141 0.199504 0.440561
9.9973E-05 0.455775 0.120538 9.9973E-05 9.9973E-05 0.423387
9.9973E-05 9.9973E-05 0.5031 0.14082 9.9973E-05 0.35578
9.9982E-05 0.247269 0.135054 0.00264355 9.9982E-05 0.614833
9.9991E-05 0.431297 0.0464337 0.0139896 0.485381 0.0227994
0.087809 9.9991E-05 0.012664 0.307639 0.338944 0.252844
0.321096 0.247483 0.350523 0.0616061 9.9991E-05 0.0191913
0.30685 9.9982E-05 0.428337 9.9982E-05 0.26179 0.00282284
0.0440474 9.9991E-05 0.313006 0.259791 0.348546 0.0345093
0.159334 9.9982E-05 9.9982E-05 0.221464 0.442703 0.1763
0.157105 9.9982E-05 0.16902 0.220336 9.9982E-05 0.453339
0.0549364 0.169116 0.177514 0.0974784 0.329423 0.171532
9.9991E-05 0.0165248 0.522456 0.334205 0.0442398 0.0824737
0.221097 0.043144 9.9982E-05 9.9982E-05 0.626574 0.108986
9.9982E-05 9.9982E-05 0.457602 0.365686 0.00543389 0.171078
0.246218 0.114137 9.9982E-05 9.9982E-05 0.151257 0.488188
0.105572 0.116726 0.287785 0.0968997 0.392918 9.9991E-05
9.9982E-05 0.165252 0.398068 0.054283 0.382197 9.9982E-05
0.36904 0.166044 0.0261897 0.282418 0.156208 9.9991E-05
9.9991E-05 0.125575 0.323992 0.0779096 0.118594 0.353829
9.9982E-05 0.19913 0.192414 0.199598 0.408658 9.9982E-05
0.283803 0.129976 0.112128 0.130965 0.313036 0.0300929
0.172344 0.247414 0.215702 9.9991E-05 0.0346048 0.329835
0.16312 0.259196 9.9982E-05 0.320118 9.9982E-05 0.257367
0.121089 9.9973E-05 0.671385 0.207227 9.9973E-05 9.9973E-05
0.213635 9.9982E-05 0.093082 0.234165 0.458919 9.9982E-05
9.9973E-05 0.735426 0.0565146 9.9973E-05 9.9973E-05 0.20776
9.9982E-05 0.202271 0.183674 0.122837 9.9982E-05 0.491018
0.291388 9.9973E-05 0.346561 9.9973E-05 9.9973E-05 0.361752
0.608089 0.386192 9.9973E-05 9.9973E-05 9.9973E-05 0.00541992
9.9973E-05 0.807677 9.9973E-05 0.0261135 0.16591 9.9973E-05
9.9991E-05 0.0469146 0.643993 0.106612 0.20146 0.000920897
0.0391963 9.9973E-05 0.394628 0.565876 9.9973E-05 9.9973E-05
9.9991E-05 0.275442 0.0482893 0.0312488 0.313866 0.331054
0.351525 9.9982E-05 0.0930172 0.341271 0.213987 9.9982E-05
0.427507 0.0262431 9.9982E-05 0.245792 0.300258 9.9982E-05
9.9991E-05 0.292859 0.0523632 0.392024 0.238494 0.0241606
9.9973E-05 9.9973E-05 9.9973E-05 0.225139 0.077762 0.696799
