0.252266 9.9991E-05 0.463729 0.283905
0.471436 0.18881 0.179326 0.160429
0.100281 9.9991E-05 0.33117 0.568449
0.0832701 0.208685 0.165619 0.542426
0.145907 0.339672 0.166942 0.347478
0.39431 9.9991E-05 0.372112 0.233478
0.233814 0.527771 0.217853 0.0205623
0.652338 0.253513 0.0250991 0.0690501
0.685517 0.148439 9.9991E-05 0.165944
0.234352 0.359294 0.406254 9.9991E-05
9.9991E-05 0.547069 0.226938 0.225893
0.614114 9.9991E-05 0.157181 0.228605
0.240433 0.0829532 0.386114 0.2905
0.572998 9.9982E-05 9.9982E-05 0.426802
9.999E-05 0.389221 0.149927 0.460752
0.142048 0.239126 0.28212 0.336706
0.421257 0.358652 9.9991E-05 0.219991
0.00129303 0.705378 9.9991E-05 0.293229
0.111492 0.262906 0.187047 0.438554
0.320631 0.311499 0.148661 0.21921
9.9982E-05 9.9982E-05 0.598288 0.401512
0.323062 0.116382 0.116306 0.444251
0.274596 0.0788894 0.301608 0.344906
9.9991E-05 0.363711 0.314434 0.321755
0.592009 9.9991E-05 0.276664 0.131227
0.102093 0.400547 0.13802 0.35934
0.0708044 0.302001 0.310968 0.316226
0.408395 0.0309842 9.9991E-05 0.56052
0.108989 0.108552 0.389307 0.393152
0.0292888 0.00125255 0.397654 0.571805
0.376834 0.00287704 0.32094 0.299349
0.154862 0.588777 0.256262 9.9991E-05
0.297592 9.9991E-05 0.276603 0.425704
9.9991E-05 0.35668 0.525815 0.117405
0.121245 0.267716 0.433881 0.177157
0.192321 9.9982E-05 9.9982E-05 0.807479
0.0148133 0.401386 0.00277487 0.581025
0.140875 0.569323 0.0564103 0.233392
0.620411 0.0912031 0.288286 9.9991E-05
0.269252 0.253225 0.132367 0.345156
0.110395 0.272461 0.309185 0.307959
0.40175 0.200989 0.397161 9.9991E-05
9.9991E-05 0.0434154 0.669804 0.286681
0.468784 0.314869 0.0435104 0.172836
0.185026 0.501824 0.109424 0.203727
0.0384198 0.418049 0.301855 0.241677
0.633856 0.00221729 0.291039 0.0728876
0.0776658 0.922134 9.9982E-05 9.9982E-05
0.505112 9.9991E-05 0.123572 0.371217
0.0812686 0.379235 0.244123 0.295374
0.222513 0.178566 0.172656 0.426265
0.597108 0.155091 0.0383403 0.20946
0.289881 9.9991E-05 0.244896 0.465124
0.397468 0.0895458 0.512886 9.9991E-05
0.089697 0.180276 0.356286 0.37374
0.118901 9.9991E-05 0.398974 0.482024
0.289152 9.9991E-05 0.166089 0.544659
0.287115 0.199025 0.0369723 0.476888
0.209371 0.0897654 0.511551 0.189313
0.214525 0.160045 0.0964837 0.528946
0.497283 0.0600651 0.38304 0.0596115
0.438906 0.0335547 0.320753 0.206786
0.0580207 0.788152 0.0187058 0.135121
0.139065 0.00499929 0.464268 0.391669
0.199431 0.132891 9.9991E-05 0.667578
0.393735 0.381106 0.149748 0.0754109
0.136749 0.0128584 0.249142 0.601251
0.564244 9.9982E-05 9.9982E-05 0.435556
0.542119 0.327911 0.12987 9.9991E-05
0.582194 0.127167 0.256159 0.0344797
0.292129 0.248982 0.303992 0.154897
0.430118 0.0790621 0.4495 0.0413199
0.682033 9.9991E-05 0.103578 0.214289
0.274448 0.435108 9.9991E-05 0.290344
0.274063 0.213827 0.311341 0.200769
0.325341 0.454834 0.219725 9.9991E-05
0.37317 9.9991E-05 0.271514 0.355215
0.145614 9.9991E-05 0.455338 0.398948
0.455652 0.372752 0.171497 9.9991E-05
0.331857 0.416517 0.0245856 0.227041
9.9991E-05 0.160185 0.519889 0.319826
0.430539 0.557896 0.0114646 9.9991E-05
0.216268 0.266803 0.148394 0.368536
0.0103409 0.414479 0.443347 0.131833
0.305311 0.142893 0.28725 0.264546
0.215323 9.9991E-05 0.503722 0.280855
0.178615 0.0764208 0.57735 0.167615
0.407007 9.9991E-05 0.231996 0.360897
0.402746 0.321837 0.213767 0.0616504
9.9991E-05 0.637025 0.111031 0.251844
0.533705 0.219401 0.224363 0.0225307
9.9991E-05 0.583612 0.329302 0.0869858
0.24899 0.10392 0.373754 0.273336
0.0890542 0.500771 0.234467 0.175707
0.218962 0.339853 0.113823 0.327362
0.102308 9.9991E-05 0.787567 0.110025
0.698351 0.260554 0.0409945 9.9991E-05
0.184634 0.344724 0.470542 9.9991E-05
0.539889 9.9982E-05 0.459911 9.9982E-05
0.207298 0.44975 0.230642 0.112309
0.394261 9.9991E-05 0.53704 0.0685995
0.196532 0.216894 0.432072 0.154502
0.400319 0.277628 0.321831 0.000221893
9.9991E-05 0.171367 0.50541 0.323123
0.638407 0.00874223 0.135005 0.217846
0.509093 9.9991E-05 0.254348 0.236459
9.9991E-05 0.125998 0.334414 0.539488
0.254478 9.9991E-05 0.554093 0.191329
9.9991E-05 0.527051 0.22852 0.244329
9.9991E-05 0.336944 0.387666 0.275289
0.331453 0.349097 0.264242 0.0552079
0.50154 0.131665 0.272811 0.093985
0.30091 9.9991E-05 0.204111 0.494879
0.236853 0.0434802 0.311257 0.40841
0.239212 0.51358 9.99907E-05 0.247108
0.385006 0.174817 9.9991E-05 0.440077
0.198195 0.525169 0.144337 0.132299
0.130892 0.536834 0.0727317 0.259542
0.205253 0.215317 0.280663 0.298767
0.553744 9.9982E-05 9.9982E-05 0.446056
0.135556 0.327869 0.247208 0.289367
0.313455 0.013663 0.564216 0.108666
0.229652 0.0198587 0.502958 0.247531
0.177949 0.129552 0.393121 0.299378
0.509902 0.195774 0.294224 9.9991E-05
0.154051 9.9991E-05 0.455523 0.390327
0.289586 0.547056 0.104539 0.0588184
0.427147 0.225828 0.166124 0.180901
0.50314 0.279644 0.116739 0.100477
0.441251 0.231994 0.21195 0.114805
0.147763 0.259328 0.305501 0.287407
0.425292 0.547339 0.0272692 9.9991E-05
0.168705 0.492924 0.338271 9.9991E-05
0.47767 0.319719 0.202511 9.9991E-05
0.0413614 0.523313 0.368338 0.0669874
9.9991E-05 0.023186 0.353507 0.623207
0.145488 0.242534 0.576466 0.0355133
0.0062902 0.462035 0.0892134 0.442461
0.392517 9.9991E-05 0.117934 0.48945
0.325624 0.120557 0.0415736 0.512245
0.472389 0.190508 0.174268 0.162835
0.538307 0.0342003 0.123759 0.303733
0.161139 9.9991E-05 0.511709 0.327052
0.385254 0.133925 0.480721 9.9991E-05
0.173959 0.407022 0.155842 0.263177
0.145387 0.0299645 0.202185 0.622463
0.485413 0.0613669 0.231819 0.221402
0.185256 0.257404 0.55724 9.9991E-05
0.176721 0.201767 0.621412 9.9991E-05
0.225983 0.317505 0.436722 0.0197889
9.9991E-05 0.395888 0.440141 0.163871
0.602864 9.9991E-05 0.17895 0.218086
0.0810888 0.314583 0.248814 0.355514
0.117096 0.369504 0.143887 0.369513
0.468645 0.154295 9.9991E-05 0.37696
0.323232 0.00325141 0.101536 0.571981
0.0375624 0.271808 0.239305 0.451325
0.166443 0.25587 0.439657 0.138029
9.9991E-05 0.158958 0.304342 0.5366
0.381822 0.049362 0.161952 0.406865
9.9991E-05 0.493987 0.205572 0.300341
0.0278835 0.788357 0.183659 9.9991E-05
0.402763 0.481366 0.11577 9.9991E-05
9.9991E-05 0.343938 0.35314 0.302823
0.104933 0.131973 0.605279 0.157815
0.285075 0.333994 0.243915 0.137017
0.21399 0.39427 0.291718 0.100022
0.156832 0.306264 0.393426 0.143478
0.326342 0.412637 0.14523 0.115791
0.518495 0.0391551 0.0824718 0.359878
0.175608 0.123692 0.329778 0.370922
0.766123 0.0398894 0.0366969 0.157291
9.9991E-05 0.236517 0.29224 0.471143
0.191329 0.10717 0.47202 0.229481
0.435172 0.207517 0.0417832 0.315528
0.143348 0.282372 0.339905 0.234375
0.375533 0.0873351 0.471553 0.0655786
0.0875092 0.000556173 0.499006 0.412928
0.205651 9.9991E-05 0.670035 0.124214
0.0866715 0.240479 9.9991E-05 0.672749
0.159487 0.242698 0.453997 0.143818
0.297884 0.446202 0.0818337 0.174081
9.9991E-05 0.0422603 0.564102 0.393537
0.0666035 0.367986 0.175338 0.390073
0.175167 9.9982E-05 0.824633 9.9982E-05
0.286322 0.36177 0.282531 0.0693769
0.419312 0.0678839 0.143947 0.368856
0.161292 0.223752 0.109305 0.50565
0.17231 0.030339 0.797251 9.9991E-05
0.531637 0.186522 0.281741 9.9991E-05
0.55406 0.230713 0.0621605 0.153067
0.15549 0.0797333 0.453626 0.311151
0.268222 0.198428 0.53325 9.9991E-05
0.0828205 0.324564 0.222467 0.370148
0.137602 0.0907953 0.38812 0.383483
0.303551 0.0862508 0.296278 0.313921
9.9991E-05 0.389348 0.137894 0.472659
0.503024 0.0653764 9.9991E-05 0.431499
0.272999 0.249111 9.9991E-05 0.477791
0.406907 0.546457 9.9991E-05 0.0465352
0.362351 0.0927877 0.306844 0.238018
0.267245 0.255921 0.0489664 0.427868
0.363224 0.380818 0.0200511 0.235907
0.500894 0.411515 9.9991E-05 0.0874908
0.0918596 0.174029 0.466462 0.26765
9.9991E-05 0.19101 0.29401 0.51488
0.0118372 0.37833 0.345716 0.264117
0.179904 0.242271 0.290738 0.287087
0.416361 9.9982E-05 9.9982E-05 0.583439
0.240022 0.363265 0.0305759 0.366138
0.442732 0.518694 9.9991E-05 0.0384741
0.211459 0.218081 0.31381 0.25665
0.0474226 0.245409 0.478013 0.229155
9.9991E-05 0.199711 0.226578 0.573612
0.361448 0.299352 0.163857 0.175343
0.268994 9.9991E-05 0.278397 0.452509
0.389394 0.221523 9.9991E-05 0.388983
0.257647 0.130547 0.19095 0.420855
0.301087 0.281012 0.278717 0.139184
0.322863 0.434303 0.152343 0.0904909
0.185399 0.405091 0.222543 0.186968
0.420975 0.257506 0.140565 0.180953
0.371263 9.9991E-05 0.464235 0.164402
0.250968 0.334275 0.366164 0.0485933
9.9982E-05 0.723576 0.276224 9.9982E-05
0.221025 0.126525 9.9991E-05 0.652349
0.375664 0.227614 0.396622 9.9991E-05
0.099877 0.0335324 0.163401 0.70319
0.380946 0.296294 0.32266 9.9991E-05
0.266779 0.412481 0.32064 9.9991E-05
0.06406 0.199594 0.421401 0.314945
0.481104 0.29483 0.223967 9.9991E-05
0.17992 0.089976 0.639667 0.0904372
0.0730825 0.196555 0.165722 0.564641
0.0137846 0.322424 0.0231508 0.64064
9.9991E-05 0.196972 0.410381 0.392548
0.122902 0.598274 0.278724 9.9991E-05
0.476484 0.274963 0.1315 0.117053
0.210986 0.0191497 0.475897 0.293967
0.212365 0.0514254 0.255758 0.480451
0.352258 0.312803 9.9991E-05 0.334839
0.225651 9.9991E-05 0.178935 0.595313
9.9991E-05 0.283607 0.384249 0.332045
0.332182 0.37749 0.290228 9.9991E-05
0.112214 0.344636 0.54305 9.9991E-05
0.519199 0.206727 9.9991E-05 0.273975
0.040114 0.224682 0.324022 0.411182
0.299747 0.0652209 0.491457 0.143575
0.0627423 0.296591 0.467016 0.17365
0.479547 9.9991E-05 0.330323 0.19003
