0.349588 0.212871 0.245606 9.997E-05 0.0641744 9.997E-05 9.997E-05 0.12746
0.545053 0.0962728 9.9973E-05 9.9973E-05 0.0853281 0.131542 9.9973E-05 0.141504
0.132647 9.9964E-05 9.9964E-05 0.462593 0.353875 9.9964E-05 0.0504849 9.9964E-05
0.321208 9.9982E-05 0.263389 0.210838 0.0846271 9.9982E-05 0.0704669 0.04927
9.9964E-05 9.9964E-05 0.0239006 0.196619 9.9964E-05 0.332545 9.9964E-05 0.446535
0.0282096 0.169335 0.537443 0.00933391 0.152537 9.9982E-05 0.102942 9.9982E-05
9.995E-05 0.629284 0.105627 0.26459 9.995E-05 9.995E-05 9.995E-05 9.995E-05
9.9955E-05 9.9955E-05 0.0222579 9.9955E-05 9.9955E-05 0.530567 9.9955E-05 0.446676
0.134974 0.34526 0.0734926 9.9964E-05 0.445873 9.9964E-05 9.9964E-05 9.9964E-05
9.9964E-05 9.9964E-05 0.228823 9.9964E-05 0.100877 9.9964E-05 0.558034 0.111867
9.9964E-05 0.388018 9.9964E-05 0.164344 9.9964E-05 9.9964E-05 0.240394 0.206844
9.997E-05 0.327298 0.151032 0.264537 9.997E-05 9.997E-05 0.153318 0.103516
0.455044 9.9955E-05 9.9955E-05 0.273328 0.271128 9.9955E-05 9.9955E-05 9.9955E-05
9.998E-05 0.123383 0.0672917 0.149416 9.998E-05 0.258718 0.318757 0.0822348
0.35236 9.9982E-05 0.043586 0.112971 0.146833 9.9982E-05 0.0246688 0.319382
0.253831 0.108511 0.458564 0.0911031 9.9982E-05 0.0464815 9.9982E-05 0.0413095
9.9964E-05 9.9964E-05 0.0252233 0.611952 0.338552 0.0238729 9.9964E-05 9.9964E-05
9.997E-05 9.997E-05 9.997E-05 0.218893 0.333125 0.0454813 0.0793942 0.322806
0.212598 0.371606 0.415296 9.9955E-05 9.9955E-05 9.9955E-05 9.9955E-05 9.9955E-05
0.37554 0.0525953 0.220181 9.9982E-05 0.191414 0.0777896 9.9982E-05 0.0822804
9.996E-05 0.233579 0.330582 9.996E-05 0.387846 0.047594 9.996E-05 9.996E-05
9.9973E-05 9.9973E-05 0.191931 0.0174444 0.26993 9.9973E-05 0.0509792 0.469416
0.216489 0.0157917 0.077371 0.436017 0.0803797 0.0452871 0.128565 9.9991E-05
9.9982E-05 0.275277 9.9982E-05 0.118037 0.0359279 0.453261 0.0674523 0.049845
0.180172 9.9982E-05 0.0349846 9.9982E-05 0.294704 0.125963 0.294527 0.0694499
0.0218152 0.0742602 0.049572 9.9991E-05 0.261165 0.0852242 0.438456 0.0694077
0.191257 0.221012 0.418187 0.0231439 9.9973E-05 0.146101 9.9973E-05 9.9973E-05
0.0189188 0.000930512 9.9973E-05 0.00154365 9.9973E-05 0.528382 0.449925 9.9973E-05
0.253519 9.9955E-05 9.9955E-05 9.9955E-05 9.9955E-05 0.499659 9.9955E-05 0.246322
0.0570446 0.422981 0.203413 0.152437 9.9973E-05 0.163825 9.9973E-05 9.9973E-05
9.9973E-05 0.242723 9.9973E-05 0.155465 9.9973E-05 0.255611 0.0396342 0.306266
9.9973E-05 0.154929 9.9973E-05 0.146542 0.326228 9.9973E-05 0.19152 0.180482
0.234437 9.9982E-05 0.326396 0.134436 9.9982E-05 0.0252108 0.168321 0.111
0.0770844 0.0669153 0.336602 0.385335 9.9982E-05 0.0386381 0.0952261 9.9982E-05
9.9955E-05 0.344137 9.9955E-05 0.420175 0.235188 9.9955E-05 9.9955E-05 9.9955E-05
0.349664 0.0473575 9.9982E-05 0.492094 0.0248561 9.9982E-05 0.00913107 0.0766975
0.63358 0.00648111 0.000799468 0.35874 9.9964E-05 9.9964E-05 9.9964E-05 9.9964E-05
0.325545 0.0218302 9.9982E-05 0.0364469 0.00901274 0.244299 0.362666 9.9982E-05
0.534402 9.9982E-05 0.234884 0.0987926 0.014099 0.0888231 0.0287989 9.9982E-05
9.9955E-05 0.143672 9.9955E-05 9.9955E-05 9.9955E-05 9.9955E-05 0.139368 0.71646
9.9982E-05 9.9982E-05 0.148962 0.346831 0.134814 0.046088 0.257831 0.065274
9.9955E-05 0.353587 9.9955E-05 9.9955E-05 9.9955E-05 0.0450188 9.9955E-05 0.600895
0.302771 9.9964E-05 9.9964E-05 9.9964E-05 9.9964E-05 0.00759861 0.389411 0.299819
0.315199 0.0858912 9.9991E-05 0.0945155 0.117729 0.0314178 0.300982 0.0541663
0.14288 9.9982E-05 9.9982E-05 0.196504 0.0486841 0.318302 0.182438 0.110992
0.314225 9.9964E-05 9.9964E-05 9.9964E-05 9.9964E-05 0.658869 0.01997 0.00653656
0.0426016 9.9973E-05 9.9973E-05 0.177228 0.530044 0.144778 0.105048 9.9973E-05
0.00187576 9.9982E-05 0.394878 0.18965 0.149319 0.185298 0.0787792 9.9982E-05
9.9982E-05 0.260404 0.0415319 0.0424893 0.453456 0.0506705 9.9982E-05 0.151249
0.265086 0.023787 9.9955E-05 9.9955E-05 9.9955E-05 9.9955E-05 9.9955E-05 0.710627
0.148142 9.9973E-05 0.00212251 9.9973E-05 9.9973E-05 0.552324 0.234445 0.0626663
9.9946E-05 9.9946E-05 0.529773 9.9946E-05 0.469627 9.9946E-05 9.9946E-05 9.9946E-05
0.290186 0.122376 9.9964E-05 0.305768 9.9964E-05 9.9964E-05 0.28127 9.9964E-05
0.235336 0.0202306 0.37502 0.351137 9.9973E-05 9.9973E-05 0.0179771 9.9973E-05
0.21542 0.0211699 0.46832 9.9973E-05 0.0537768 9.9973E-05 0.241014 9.9973E-05
0.268955 9.9973E-05 0.105197 0.000230301 0.429517 9.9973E-05 0.195801 9.9973E-05
9.9982E-05 9.9982E-05 0.041933 0.200889 0.23052 0.24341 0.263462 0.0195861
0.142467 0.840803 9.9955E-05 9.9955E-05 9.9955E-05 9.9955E-05 9.9955E-05 0.0162302
0.138459 0.300398 9.9982E-05 0.221655 0.170393 9.9982E-05 0.0313645 0.137531
9.9973E-05 0.329 0.29585 9.9973E-05 0.0171174 0.0959441 0.261788 9.9973E-05
9.9973E-05 0.0243887 0.473358 0.047382 9.9973E-05 0.338788 9.9973E-05 0.115783
0.0330694 0.135397 9.9964E-05 0.593479 0.237655 9.9964E-05 9.9964E-05 9.9964E-05
9.996E-05 9.996E-05 0.171625 9.996E-05 0.347539 9.996E-05 0.040892 0.439544
0.268952 0.471904 0.00803403 9.9964E-05 9.9964E-05 0.25071 9.9964E-05 9.9964E-05
0.324447 0.0981346 0.201363 0.148737 0.0199271 9.998E-05 9.998E-05 0.207191
9.9964E-05 9.9964E-05 0.0665434 0.307858 9.9964E-05 0.122668 0.50253 9.9964E-05
9.996E-05 9.996E-05 0.0361491 0.0581226 9.996E-05 0.512428 0.3929 9.996E-05
9.9973E-05 9.9973E-05 0.118256 0.0901062 0.179837 0.37837 9.9973E-05 0.233131
9.9955E-05 9.9955E-05 9.9955E-05 9.9955E-05 9.9955E-05 0.369679 0.524998 0.104823
0.035598 9.9964E-05 0.721179 0.232108 9.9964E-05 9.9964E-05 9.9964E-05 0.0107157
0.0189409 0.0465284 9.9973E-05 0.277792 9.9973E-05 0.634341 9.9973E-05 0.0220981
0.0988152 0.142712 0.0171134 0.198833 0.33015 0.00469137 9.9991E-05 0.207585
0.33734 0.464593 0.0409821 9.9964E-05 0.156684 9.9964E-05 9.9964E-05 9.9964E-05
0.249791 9.9973E-05 9.9973E-05 0.0465759 0.173387 0.22222 9.9973E-05 0.307725
0.313369 0.0224838 9.9964E-05 9.9964E-05 9.9964E-05 9.9964E-05 0.308307 0.35544
0.0513216 0.00535007 9.9973E-05 9.9973E-05 0.356633 0.223392 9.9973E-05 0.363004
9.997E-05 9.997E-05 9.997E-05 0.291267 0.0993649 0.209857 0.0930715 0.30614
0.387785 9.9964E-05 9.9964E-05 0.193331 9.9964E-05 0.0313815 9.9964E-05 0.387102
0.0023261 0.199829 9.9973E-05 0.283296 9.9973E-05 0.369634 0.144615 9.9973E-05
0.527321 0.0851796 9.997E-05 9.997E-05 0.0793801 0.2697 0.0381194 9.997E-05
9.9946E-05 9.9946E-05 0.601585 9.9946E-05 9.9946E-05 9.9946E-05 9.9946E-05 0.397816
0.013238 0.29917 9.9973E-05 9.9973E-05 0.000254074 0.412117 0.274921 9.9973E-05
0.299799 0.120505 9.9964E-05 9.9964E-05 0.547186 9.9964E-05 9.9964E-05 0.0321094
9.9973E-05 9.9973E-05 0.0373979 0.168931 9.9973E-05 0.363262 0.0483195 0.38179
9.996E-05 0.0846449 0.313514 0.523988 9.996E-05 9.996E-05 0.0774527 9.996E-05
0.0619757 0.374764 0.105607 0.0826776 0.00924055 0.35858 0.0070547 9.9991E-05
9.9973E-05 0.00958507 9.9973E-05 0.324849 0.00128222 9.9973E-05 0.439463 0.22452
9.9973E-05 0.215515 9.9973E-05 0.666551 0.113727 0.000827372 0.00307964 9.9973E-05
0.12413 0.154569 0.52801 9.9964E-05 9.9964E-05 9.9964E-05 9.9964E-05 0.192891
0.109286 9.9973E-05 0.10228 0.104714 0.508515 0.174906 9.9973E-05 9.9973E-05
9.9973E-05 0.366762 9.9973E-05 0.122184 0.357531 9.9973E-05 0.0504443 0.102779
0.0752305 0.0678473 0.157253 0.283869 9.9982E-05 0.394195 9.9982E-05 0.0214058
0.440582 0.364047 9.9973E-05 0.121668 0.0409003 0.032503 9.9973E-05 9.9973E-05
0.255308 0.102095 0.3507 0.0396799 0.000177052 9.9991E-05 0.170142 0.0817988
0.562839 0.0688647 9.9964E-05 9.9964E-05 0.17251 9.9964E-05 9.9964E-05 0.195386
0.005089 0.177689 9.9973E-05 0.0359824 9.9973E-05 0.235626 0.545313 9.9973E-05
9.9973E-05 9.9973E-05 0.146501 9.9973E-05 0.371309 0.0209747 0.373472 0.0874429
0.616228 9.9964E-05 9.9964E-05 0.213834 9.9964E-05 9.9964E-05 0.00188324 0.167655
0.200274 0.273605 9.9973E-05 9.9973E-05 0.0754285 0.0158956 0.434496 9.9973E-05
9.9964E-05 9.9964E-05 0.256508 9.9964E-05 0.339358 0.058287 0.345447 9.9964E-05
9.9955E-05 9.9955E-05 9.9955E-05 9.9955E-05 0.743691 9.9955E-05 0.0773256 0.178483
0.324049 9.9955E-05 0.179862 9.9955E-05 0.495589 9.9955E-05 9.9955E-05 9.9955E-05
9.9964E-05 0.0831396 0.0532373 9.9964E-05 0.374175 9.9964E-05 0.489048 9.9964E-05
0.198044 9.9973E-05 0.302888 0.0917268 0.21178 0.195261 9.9973E-05 9.9973E-05
0.178726 0.0192282 0.349224 0.0781486 0.104445 9.999E-05 0.0305853 0.239542
0.0582449 9.9964E-05 9.9964E-05 0.305232 9.9964E-05 0.451183 9.9964E-05 0.184941
9.997E-05 9.997E-05 0.195795 0.0544312 0.30375 9.997E-05 0.00304451 0.442679
0.160583 0.440273 0.146795 0.0664889 9.9973E-05 9.9973E-05 9.9973E-05 0.18556
0.128863 9.998E-05 0.0355876 9.998E-05 0.192372 0.0329212 0.186197 0.423858
9.9955E-05 0.358984 9.9955E-05 9.9955E-05 0.565055 0.0754611 9.9955E-05 9.9955E-05
9.9955E-05 9.9955E-05 0.550386 0.286666 9.9955E-05 9.9955E-05 9.9955E-05 0.162448
9.998E-05 9.998E-05 0.0144603 0.0551451 0.215889 0.021643 0.367962 0.324701
9.9964E-05 0.642133 9.9964E-05 0.0148106 9.9964E-05 0.21532 9.9964E-05 0.127337
9.9946E-05 0.425916 9.9946E-05 9.9946E-05 0.573484 9.9946E-05 9.9946E-05 9.9946E-05
9.9964E-05 9.9964E-05 0.310241 0.0943429 0.552422 9.9964E-05 0.0425939 9.9964E-05
9.9964E-05 0.481021 9.9964E-05 0.386501 0.100951 9.9964E-05 9.9964E-05 0.031128
9.9964E-05 9.9964E-05 0.0505903 0.497908 9.9964E-05 0.179601 9.9964E-05 0.271501
0.170008 0.144639 0.236824 9.9973E-05 9.9973E-05 0.420903 0.0273257 9.9973E-05
0.418286 0.202728 0.118787 9.996E-05 9.996E-05 9.996E-05 9.996E-05 0.259799
0.239058 9.9973E-05 9.9973E-05 0.167727 0.117722 0.0859445 0.389249 9.9973E-05
0.00819827 0.50943 0.0152424 0.153384 9.9982E-05 0.129998 0.183547 9.9982E-05
0.200043 0.233829 0.224101 9.9964E-05 9.9964E-05 0.341627 9.9964E-05 9.9964E-05
0.029215 0.0690188 9.998E-05 0.22396 0.218195 0.292521 0.166889 9.998E-05
9.997E-05 0.195854 0.145569 9.997E-05 0.310949 0.311727 0.0356012 9.997E-05
0.172102 9.9964E-05 9.9964E-05 9.9964E-05 0.124109 9.9964E-05 0.293635 0.409755
0.162609 9.9964E-05 0.366692 0.390149 9.9964E-05 9.9964E-05 0.080151 9.9964E-05
9.9964E-05 0.129332 0.333535 9.9964E-05 0.0597461 0.476987 9.9964E-05 9.9964E-05
0.0868597 0.0561284 0.675668 9.9973E-05 9.9973E-05 0.0599235 9.9973E-05 0.12112
9.99816E-05 0.132524 0.0891545 9.99816E-05 0.346963 9.99816E-05 0.0413066 0.389752
0.167546 0.225303 9.9982E-05 0.0305629 0.293712 0.11437 0.168305 9.9982E-05
0.319372 9.9955E-05 9.9955E-05 9.9955E-05 0.271941 0.408187 9.9955E-05 9.9955E-05
9.9964E-05 9.9964E-05 0.32752 9.9964E-05 9.9964E-05 0.117628 0.266255 0.288197
0.0447767 0.324931 0.499827 9.996E-05 0.130066 9.996E-05 9.996E-05 9.996E-05
9.9964E-05 9.9964E-05 9.9964E-05 0.0743 9.9964E-05 0.410446 0.113385 0.401469
0.0994053 0.0362783 9.9964E-05 9.9964E-05 9.9964E-05 9.9964E-05 0.246222 0.617694
9.9955E-05 0.510331 0.019083 0.470086 9.9955E-05 9.9955E-05 9.9955E-05 9.9955E-05
0.000245178 9.9982E-05 9.9982E-05 0.12317 0.142328 0.380815 0.262617 0.0906241
9.9946E-05 0.416814 9.9946E-05 9.9946E-05 9.9946E-05 9.9946E-05 0.582587 9.9946E-05
9.9973E-05 9.9973E-05 0.482735 0.166931 0.0535287 9.9973E-05 0.294569 0.00193563
9.9964E-05 0.454159 9.9964E-05 0.325862 9.9964E-05 0.117789 9.9964E-05 0.10179
9.9955E-05 9.9955E-05 9.9955E-05 0.314157 0.419008 0.266335 9.9955E-05 9.9955E-05
9.9955E-05 9.9955E-05 9.9955E-05 9.9955E-05 0.643105 0.156943 0.199451 9.9955E-05
0.144127 0.124173 0.529831 9.9964E-05 9.9964E-05 9.9964E-05 9.9964E-05 0.201469
0.243267 0.405824 9.9964E-05 9.9964E-05 0.22981 0.120698 9.9964E-05 9.9964E-05
0.123183 9.9982E-05 0.0348554 0.319588 0.42627 9.9982E-05 0.0209353 0.074969
0.100708 9.9973E-05 9.9973E-05 0.782464 0.0293433 9.9973E-05 0.0435792 0.0436065
0.128761 0.17775 0.0353378 0.0729628 0.0721537 0.225945 9.9991E-05 0.28699
0.370542 9.9964E-05 9.9964E-05 9.9964E-05 9.9964E-05 0.0145287 0.464194 0.150335
0.24159 0.231919 9.995E-05 9.995E-05 9.995E-05 9.995E-05 0.525991 9.995E-05
0.0413221 0.290903 9.9973E-05 0.0448263 0.225069 0.397579 9.9973E-05 9.9973E-05
0.296579 9.9964E-05 0.0378621 9.9964E-05 0.0407192 0.62444 9.9964E-05 9.9964E-05
9.9964E-05 9.9964E-05 0.508906 0.34025 9.9964E-05 0.133745 0.0166997 9.9964E-05
0.638324 9.997E-05 9.997E-05 0.0827589 0.0617514 9.997E-05 0.0375828 0.179283
9.9955E-05 0.149645 9.9955E-05 0.132336 9.9955E-05 9.9955E-05 0.717519 9.9955E-05
0.611623 9.9982E-05 0.00599364 0.0458405 0.197667 9.9982E-05 0.0406137 0.0980618
0.000679309 0.165384 9.9973E-05 0.230536 0.0564771 9.9973E-05 0.546623 9.9973E-05
9.995E-05 0.495549 9.995E-05 9.995E-05 0.420123 9.995E-05 9.995E-05 0.0838286
9.9973E-05 9.9973E-05 0.0234219 0.0662272 0.0373047 0.00283483 9.9973E-05 0.869911
9.9955E-05 9.9955E-05 0.151841 9.9955E-05 0.542177 9.9955E-05 9.9955E-05 0.305482
0.079854 9.9973E-05 9.9973E-05 9.9973E-05 0.285861 0.35909 0.00695092 0.267944
9.9982E-05 0.0937344 0.0704999 0.306238 9.9982E-05 0.0523544 0.0975515 0.379422
0.28298 9.9964E-05 0.543596 0.00843184 9.9964E-05 0.164592 9.9964E-05 9.9964E-05
9.9955E-05 9.9955E-05 0.455365 9.9955E-05 9.9955E-05 0.463784 9.9955E-05 0.0803508
9.997E-05 0.367156 0.0351199 0.245428 9.997E-05 0.161333 0.190662 9.997E-05
9.997E-05 0.0741533 0.319397 0.377975 9.997E-05 9.997E-05 0.0319152 0.19626
9.996E-05 0.259129 9.996E-05 9.996E-05 9.996E-05 0.0288282 0.382314 0.329328
9.9973E-05 9.9973E-05 0.314423 0.102439 0.160891 0.300198 0.121748 9.9973E-05
0.366752 0.0611435 0.392192 9.9964E-05 9.9964E-05 0.179512 9.9964E-05 9.9964E-05
0.00393511 0.0513879 0.121997 0.499818 9.9991E-05 0.28779 0.00144319 0.0335283
0.516016 9.9964E-05 9.9964E-05 9.9964E-05 0.224662 0.158032 0.10089 9.9964E-05
9.9964E-05 0.195785 9.9964E-05 9.9964E-05 0.00331032 0.137763 0.662742 9.9964E-05
0.328145 0.098599 9.9964E-05 0.224273 9.9964E-05 9.9964E-05 0.348583 9.9964E-05
0.13218 0.0393626 9.9982E-05 0.436502 9.9982E-05 0.0859777 0.0531592 0.252619
9.9955E-05 9.9955E-05 9.9955E-05 0.210878 9.9955E-05 0.485667 9.9955E-05 0.302955
0.41311 0.00983533 0.177887 0.221901 0.129311 0.0477554 9.9982E-05 9.9982E-05
0.0916017 0.177 9.9982E-05 0.0418964 0.0943383 0.144668 9.9982E-05 0.450295
0.385243 0.464398 0.14626 0.00369928 9.996E-05 9.996E-05 9.996E-05 9.996E-05
9.9955E-05 9.9955E-05 0.130554 9.9955E-05 9.9955E-05 9.9955E-05 0.765633 0.103314
9.9973E-05 0.106866 9.9973E-05 9.9973E-05 0.241203 0.294191 0.228231 0.129209
0.471933 0.145758 0.187468 9.9964E-05 9.9964E-05 9.9964E-05 0.194442 9.9964E-05
0.0195509 0.188528 9.9964E-05 0.433519 9.9964E-05 0.358002 9.9964E-05 9.9964E-05
9.9955E-05 9.9955E-05 0.286944 0.0067307 9.9955E-05 0.705825 9.9955E-05 9.9955E-05
0.513155 0.0424048 0.406044 9.9973E-05 0.015299 9.9973E-05 0.0227969 9.9973E-05
0.0915669 9.9973E-05 9.9973E-05 0.264201 9.9973E-05 0.00710236 0.194141 0.442689
9.9982E-05 0.0118292 0.319947 9.9982E-05 0.0146305 0.283994 0.135379 0.234021
9.9964E-05 0.152432 9.9964E-05 0.452776 0.134841 9.9964E-05 0.259551 9.9964E-05
0.0807062 0.466785 9.9973E-05 9.9973E-05 0.213977 0.224851 9.9973E-05 0.0133806
0.236451 9.9964E-05 9.9964E-05 0.302316 9.9964E-05 0.109886 9.9964E-05 0.350948
0.401093 0.216549 9.9973E-05 0.169459 0.13596 0.0766403 9.9973E-05 9.9973E-05
9.996E-05 0.201327 0.153283 9.996E-05 9.996E-05 0.248828 9.996E-05 0.396163
0.176976 0.068554 0.183282 0.167947 0.343593 0.0465702 9.999E-05 0.0129783
0.445646 0.260872 9.9964E-05 0.0789139 9.9964E-05 9.9964E-05 9.9964E-05 0.214168
9.9982E-05 9.9982E-05 0.006458 0.013718 0.0405454 0.126092 0.60595 0.207036
9.9964E-05 0.0229622 0.760794 9.9964E-05 9.9964E-05 0.116518 0.0993265 9.9964E-05
0.0571165 0.58393 9.9955E-05 9.9955E-05 9.9955E-05 9.9955E-05 0.358454 9.9955E-05
0.269034 0.150204 9.998E-05 0.313303 0.0511051 0.171543 0.044611 9.998E-05
0.0305335 0.243376 0.140883 9.9982E-05 0.331895 9.9982E-05 0.154097 0.0990144
0.228009 9.998E-05 0.11698 0.175146 0.0171058 9.998E-05 0.137053 0.325505
9.9973E-05 0.211195 9.9973E-05 0.414113 0.0973859 0.172502 0.104504 9.9973E-05
9.9964E-05 0.144441 0.130766 9.9964E-05 0.209206 0.515188 9.9964E-05 9.9964E-05
9.99661E-05 9.99661E-05 0.281625 9.99661E-05 0.343458 9.99661E-05 0.292453 0.0820639
0.23725 0.00559929 0.0222256 0.10926 9.9991E-05 0.0099194 0.00642252 0.609223
0.0597725 9.9973E-05 0.307473 9.9973E-05 0.113314 9.9973E-05 0.309119 0.210021
0.0675296 9.9973E-05 9.9973E-05 9.9973E-05 0.349999 0.232238 0.157059 0.192874
9.996E-05 9.996E-05 9.996E-05 0.838381 0.0275175 9.996E-05 0.064885 0.0688167
0.269152 9.9964E-05 0.444177 9.9964E-05 9.9964E-05 0.0186707 9.9964E-05 0.267601
0.366748 0.05911 0.00350875 9.9982E-05 0.0693719 0.491385 0.00967655 9.9982E-05
9.9946E-05 9.9946E-05 0.544323 0.455077 9.9946E-05 9.9946E-05 9.9946E-05 9.9946E-05
0.217521 9.9973E-05 0.251648 0.158419 0.000931378 9.9973E-05 9.9973E-05 0.37118
9.9964E-05 0.302992 0.0580917 9.9964E-05 9.9964E-05 9.9964E-05 0.169871 0.468646
9.997E-05 0.302492 0.0706065 0.0386781 9.997E-05 0.119702 9.997E-05 0.468222
0.405695 9.9982E-05 0.000135985 0.0995121 9.9982E-05 0.0518614 0.422598 0.0199978
0.344405 9.9955E-05 0.0240638 9.9955E-05 9.9955E-05 9.9955E-05 0.631032 9.9955E-05
9.9955E-05 0.388538 9.9955E-05 9.9955E-05 0.0354986 9.9955E-05 9.9955E-05 0.575463
0.470813 9.9982E-05 0.0136951 0.100894 0.327183 9.9982E-05 0.0869963 0.00021814
0.0509137 0.00295222 0.027639 0.200101 0.245479 0.029988 0.364227 0.0786998
9.9955E-05 9.9955E-05 0.356262 0.1005 0.542739 9.9955E-05 9.9955E-05 9.9955E-05
0.191218 0.246242 0.0393154 9.9973E-05 9.9973E-05 9.9973E-05 0.198984 0.32394
0.0418627 9.9982E-05 0.185754 0.388304 0.069833 0.028018 9.9982E-05 0.286029
0.601802 0.341055 9.9964E-05 9.9964E-05 9.9964E-05 0.0450711 0.0116715 9.9964E-05
0.773065 9.9946E-05 9.9946E-05 9.9946E-05 9.9946E-05 0.226336 9.9946E-05 9.9946E-05
0.162931 0.0529953 0.0234017 0.0254479 9.9982E-05 0.709018 0.0260059 9.9982E-05
9.9973E-05 0.317789 9.9973E-05 9.9973E-05 0.314676 0.0482384 0.104421 0.214576
0.0715138 0.0385029 0.201855 0.0738753 0.397088 0.0536658 9.9991E-05 0.163399
9.9973E-05 0.209086 9.9973E-05 0.414895 9.9973E-05 0.0923974 0.0830352 0.200287
9.9982E-05 9.9982E-05 0.0670453 0.174351 0.0246124 0.250207 0.0963052 0.38728
0.374748 9.9982E-05 0.0406977 0.0705755 0.288254 0.0319845 9.9982E-05 0.193541
0.212208 9.998E-05 9.998E-05 0.0568005 0.289915 0.109335 0.278826 0.0527164
0.0853298 0.108321 0.0850687 9.9973E-05 0.0908432 9.9973E-05 0.630138 9.9973E-05
0.141557 0.389767 9.9973E-05 0.146128 0.132213 9.9973E-05 0.190035 9.9973E-05
9.9964E-05 0.0227793 0.341991 9.9964E-05 9.9964E-05 9.9964E-05 0.253063 0.381767
0.378914 9.9982E-05 0.0188008 0.0275448 9.9982E-05 0.0441447 0.0410118 0.489384
9.9964E-05 9.9964E-05 9.9964E-05 0.459218 9.9964E-05 0.346631 0.0354273 0.158325
9.9973E-05 9.9973E-05 0.0817795 0.683126 0.0513565 0.125971 0.0574675 9.9973E-05
9.9964E-05 0.311708 0.0268134 9.9964E-05 9.9964E-05 0.451608 9.9964E-05 0.209471
9.9964E-05 0.0512075 9.9964E-05 9.9964E-05 0.492558 0.244167 0.211668 9.9964E-05
9.9964E-05 9.9964E-05 9.9964E-05 0.015728 0.369601 9.9964E-05 0.477705 0.136566
0.102586 0.546052 0.152082 9.9982E-05 0.0363316 0.0432854 9.9982E-05 0.119464
9.9973E-05 0.0321228 9.9973E-05 9.9973E-05 0.261889 0.155735 0.105975 0.443977
0.0452065 9.9973E-05 9.9973E-05 0.275717 0.472166 9.9973E-05 0.0900245 0.116587
0.0172859 0.0644071 9.9973E-05 9.9973E-05 0.165528 0.380228 9.9973E-05 0.37225
0.0998929 0.0779742 0.294994 9.9982E-05 0.39964 0.116059 9.9982E-05 0.0112402
9.9973E-05 0.177369 9.9973E-05 0.193722 0.253856 0.222983 0.15177 9.9973E-05
0.194343 0.0824547 0.123225 9.997E-05 0.0429469 0.55673 9.997E-05 9.997E-05
9.9964E-05 9.9964E-05 0.0613845 0.297995 9.9964E-05 0.260537 0.379683 9.9964E-05
0.238118 0.535237 0.211861 0.00928633 9.997E-05 0.00519893 9.997E-05 9.997E-05
0.0561453 0.185567 0.0059378 0.123454 0.0672565 9.9982E-05 0.561439 9.9982E-05
0.270103 0.156022 0.182223 9.9982E-05 0.023002 9.9982E-05 0.29482 0.0736307
9.9955E-05 9.9955E-05 9.9955E-05 0.416583 0.499362 9.9955E-05 9.9955E-05 0.0835559
0.218301 0.559369 9.9955E-05 9.9955E-05 9.9955E-05 9.9955E-05 9.9955E-05 0.22183
