0.0511867 0.143467 9.9973E-05 0.424649 9.9973E-05 0.101639 0.278758 9.9973E-05
9.9982E-05 0.126214 0.648437 0.000210462 0.0294744 9.9982E-05 0.147098 0.0483657
0.364485 9.9973E-05 9.9973E-05 0.183934 0.122726 9.9973E-05 0.228208 0.100347
0.176981 0.0549037 0.0306523 0.3255 0.265617 9.9982E-05 9.9982E-05 0.146147
0.0503309 0.702635 0.161863 9.9973E-05 0.0826781 0.00219293 9.9973E-05 9.9973E-05
9.9964E-05 0.228285 9.9964E-05 0.207856 9.9964E-05 9.9964E-05 0.0283726 0.535086
0.00340214 9.9964E-05 0.176792 9.9964E-05 9.9964E-05 0.473586 0.34582 9.9964E-05
9.9982E-05 0.00162213 0.358574 0.18778 0.257244 0.17653 0.0180502 9.9982E-05
0.0817389 9.9982E-05 0.16456 0.289949 0.118637 0.183008 9.9982E-05 0.161908
9.9946E-05 9.9946E-05 9.9946E-05 9.9946E-05 9.9946E-05 0.38274 0.61666 9.9946E-05
0.284132 0.23125 0.0020494 9.9973E-05 0.0222209 0.460048 9.9973E-05 9.9973E-05
9.9982E-05 0.000447056 0.0292732 0.177167 0.318593 9.9982E-05 0.408782 0.0655378
9.9973E-05 0.537632 0.177083 0.0926408 9.9973E-05 0.107007 0.0853376 9.9973E-05
0.27971 9.9973E-05 9.9973E-05 0.248007 0.271193 0.0779767 9.9973E-05 0.122813
9.996E-05 0.428339 9.996E-05 0.00142487 0.464058 0.105779 9.996E-05 9.996E-05
0.0821333 9.9982E-05 0.55638 0.0735187 0.139381 0.0774765 9.9982E-05 0.070911
9.9955E-05 0.216929 9.9955E-05 0.53111 9.9955E-05 0.251461 9.9955E-05 9.9955E-05
9.995E-05 0.300858 9.995E-05 0.2388 9.995E-05 0.459842 9.995E-05 9.995E-05
0.216517 0.456915 9.996E-05 9.996E-05 0.14629 9.996E-05 0.179879 9.996E-05
9.9982E-05 0.530896 0.0479235 0.0211612 0.202441 0.0502505 9.9982E-05 0.147128
0.0909325 9.9955E-05 9.9955E-05 0.211458 9.9955E-05 9.9955E-05 0.69711 9.9955E-05
9.9955E-05 9.9955E-05 9.9955E-05 0.186394 0.419495 9.9955E-05 9.9955E-05 0.393612
9.9955E-05 9.9955E-05 0.472146 9.9955E-05 0.236424 9.9955E-05 9.9955E-05 0.29093
9.998E-05 9.998E-05 0.0773315 0.229729 0.250799 0.164328 0.185175 0.0924383
9.9964E-05 9.9964E-05 0.145276 0.170353 0.328716 9.9964E-05 0.355256 9.9964E-05
9.9964E-05 9.9964E-05 0.125394 0.275955 0.228915 0.369336 9.9964E-05 9.9964E-05
9.9982E-05 0.0635272 0.0529048 0.173075 0.3628 0.0297379 9.9982E-05 0.317755
9.9964E-05 9.9964E-05 9.9964E-05 0.443412 0.333381 0.0967772 0.126029 9.9964E-05
0.0425783 0.162956 9.9973E-05 0.258128 0.0442739 9.9973E-05 0.491763 9.9973E-05
0.0568601 0.163034 0.356209 0.0537239 0.0729391 9.9982E-05 0.297034 9.9982E-05
9.9964E-05 0.0265051 0.261781 0.238648 9.9964E-05 9.9964E-05 9.9964E-05 0.472666
9.997E-05 0.0722256 9.997E-05 9.997E-05 0.0871346 0.409295 0.0372909 0.393754
0.254338 0.277333 9.9973E-05 0.13419 0.16142 9.9973E-05 9.9973E-05 0.172419
9.999E-05 0.0820456 0.381012 0.0811019 0.0483046 0.109937 0.134439 0.163061
9.9973E-05 0.257107 9.9973E-05 9.9973E-05 0.319596 0.0129554 0.113991 0.296051
0.278171 9.9946E-05 9.9946E-05 0.721229 9.9946E-05 9.9946E-05 9.9946E-05 9.9946E-05
9.9964E-05 0.43198 9.9964E-05 0.357979 0.129946 0.079695 9.9964E-05 9.9964E-05
0.305039 0.2916 9.9973E-05 0.099043 9.9973E-05 0.298485 9.9973E-05 0.00553337
0.289065 0.0472564 0.183105 9.9991E-05 0.0485128 0.077596 0.0577609 0.296603
9.9973E-05 9.9973E-05 9.9973E-05 0.331584 0.248742 0.116961 0.0406197 0.261794
0.0586368 0.150467 0.477067 9.9973E-05 0.207043 0.106487 9.9973E-05 9.9973E-05
9.9973E-05 0.246461 9.9973E-05 0.284714 9.9973E-05 0.401558 0.0135745 0.0533922
9.9955E-05 0.0577122 0.330993 9.9955E-05 9.9955E-05 9.9955E-05 0.610795 9.9955E-05
0.0634919 9.9964E-05 9.9964E-05 0.316243 9.9964E-05 0.511372 0.108493 9.9964E-05
0.359402 9.9964E-05 0.453161 9.9964E-05 0.156248 0.0307893 9.9964E-05 9.9964E-05
0.0995798 0.136599 0.133422 0.00666945 0.0625289 0.305859 0.211325 0.0440161
9.9955E-05 9.9955E-05 9.9955E-05 0.18974 0.256462 9.9955E-05 9.9955E-05 0.553298
9.9955E-05 0.076521 9.9955E-05 9.9955E-05 0.106726 0.816254 9.9955E-05 9.9955E-05
0.222418 0.324927 0.0816085 0.321492 9.9973E-05 9.9973E-05 9.9973E-05 0.0492549
9.9982E-05 0.0830259 9.9982E-05 0.260638 0.335914 0.19641 0.000825345 0.122987
0.148921 9.9973E-05 0.0199912 9.9973E-05 0.689153 0.0999058 0.0417293 9.9973E-05
0.340627 9.9973E-05 0.103857 0.118554 9.9973E-05 0.280651 9.9973E-05 0.15601
0.277761 0.28973 0.32283 0.109279 9.9964E-05 9.9964E-05 9.9964E-05 9.9964E-05
0.111697 0.0551459 0.665244 9.9973E-05 9.9973E-05 9.9973E-05 0.117276 0.0503367
9.9964E-05 9.9964E-05 0.406574 9.9964E-05 0.467556 0.081908 0.0435628 9.9964E-05
0.160087 9.9973E-05 0.397377 9.9973E-05 0.213095 9.9973E-05 0.014555 0.214586
0.0652937 9.9964E-05 9.9964E-05 0.722158 9.9964E-05 9.9964E-05 0.194933 0.0172154
0.224649 0.10909 0.0642649 0.0981157 0.494797 0.00300043 0.00598293 9.9991E-05
9.9955E-05 9.9955E-05 9.9955E-05 9.9955E-05 0.549881 9.9955E-05 0.203127 0.246492
0.486902 9.9982E-05 0.259214 0.140882 0.0522425 9.9982E-05 0.0514615 0.00909748
9.9973E-05 9.9973E-05 9.9973E-05 0.167666 0.350908 0.0592566 0.373994 0.0478755
0.360149 9.9973E-05 0.198645 0.150673 9.9973E-05 0.0544963 0.235737 9.9973E-05
9.9973E-05 9.9973E-05 0.40927 0.15946 0.0116722 0.413006 9.9973E-05 0.00629222
0.456257 0.245164 9.9964E-05 9.9964E-05 9.9964E-05 0.0384071 0.259772 9.9964E-05
0.308628 0.20831 9.996E-05 0.268395 0.214267 9.996E-05 9.996E-05 9.996E-05
9.9973E-05 0.335799 0.215 0.0495049 9.9973E-05 0.314089 9.9973E-05 0.0853066
9.9973E-05 0.43635 0.15585 0.367917 9.9973E-05 9.9973E-05 0.0186783 0.0209052
0.419372 0.0156034 0.286869 0.233097 0.0447591 9.9973E-05 9.9973E-05 9.9973E-05
9.9991E-05 0.0786868 0.304021 0.000260286 0.0923447 0.373708 0.0204183 0.130462
9.9955E-05 9.9955E-05 0.509611 0.104452 9.9955E-05 9.9955E-05 9.9955E-05 0.385437
0.639446 9.9955E-05 9.9955E-05 9.9955E-05 9.9955E-05 0.205566 9.9955E-05 0.154488
0.0157253 0.0844484 0.299249 0.026532 9.9982E-05 9.9982E-05 0.447331 0.126514
0.0698163 9.997E-05 0.102439 0.415577 9.997E-05 9.997E-05 0.214722 0.197146
0.018539 0.312422 9.9964E-05 9.9964E-05 0.492947 9.9964E-05 9.9964E-05 0.175693
0.108217 0.359167 9.9973E-05 9.9973E-05 0.0365129 0.215894 0.27991 9.9973E-05
9.997E-05 9.997E-05 9.997E-05 0.161205 0.189936 0.412244 0.0752281 0.161086
0.323703 9.9973E-05 0.313603 0.0984359 0.114368 9.9973E-05 9.9973E-05 0.149591
0.00210617 9.9973E-05 9.9973E-05 0.415845 0.00589763 9.9973E-05 0.358859 0.216992
0.317575 9.9964E-05 9.9964E-05 9.9964E-05 9.9964E-05 0.262025 0.135356 0.284644
9.9964E-05 0.0721686 0.561011 9.9964E-05 0.189303 0.177118 9.9964E-05 9.9964E-05
0.225525 0.106589 0.254158 0.010812 0.00415876 9.9982E-05 0.398556 9.9982E-05
9.9946E-05 9.9946E-05 0.532632 9.9946E-05 9.9946E-05 0.466768 9.9946E-05 9.9946E-05
9.9964E-05 9.9964E-05 9.9964E-05 0.436093 0.170006 0.346547 9.9964E-05 0.0469548
9.9964E-05 0.162443 0.0651324 9.9964E-05 0.748926 0.0230984 9.9964E-05 9.9964E-05
0.251884 0.254587 9.9964E-05 9.9964E-05 9.9964E-05 0.0155606 9.9964E-05 0.477569
0.195162 9.9964E-05 0.275091 9.9964E-05 0.135488 9.9964E-05 0.39386 9.9964E-05
0.488558 9.9955E-05 0.280102 9.9955E-05 9.9955E-05 9.9955E-05 0.23084 9.9955E-05
9.9964E-05 9.9964E-05 0.502572 0.295463 0.110631 9.9964E-05 0.0909342 9.9964E-05
0.351384 9.998E-05 0.150861 9.998E-05 0.00806013 0.34894 0.0495294 0.0910251
0.193179 0.402821 9.9964E-05 9.9964E-05 0.13117 0.27243 9.9964E-05 9.9964E-05
0.159087 9.9973E-05 0.394655 9.9973E-05 0.0817099 0.0354416 9.9973E-05 0.328806
9.9973E-05 9.9973E-05 0.0502847 9.9973E-05 0.385548 0.169581 0.150994 0.243293
9.9964E-05 9.9964E-05 9.9964E-05 0.36921 0.108568 9.9964E-05 0.521259 0.000563818
9.9982E-05 0.350847 0.0322668 0.0143357 0.282544 0.242277 9.9982E-05 0.0775298
0.163423 0.0184645 9.9973E-05 0.319698 9.9973E-05 0.303342 9.9973E-05 0.194772
0.109007 0.0907804 9.9955E-05 9.9955E-05 9.9955E-05 9.9955E-05 0.799713 9.9955E-05
0.055749 9.9982E-05 0.241297 0.0346218 9.9982E-05 0.453807 0.118103 0.0962217
9.9964E-05 0.191005 9.9964E-05 9.9964E-05 0.196108 0.147274 0.465213 9.9964E-05
9.9964E-05 9.9964E-05 0.0906551 9.9964E-05 9.9964E-05 0.116007 0.666634 0.126304
9.9991E-05 0.104446 0.0660293 0.29362 0.158061 0.328603 0.0368451 0.0122945
0.215757 9.9955E-05 9.9955E-05 9.9955E-05 9.9955E-05 9.9955E-05 0.319401 0.464341
9.9973E-05 0.532656 9.9973E-05 0.0873641 0.0247315 0.00103314 9.9973E-05 0.353915
0.19869 9.9973E-05 9.9973E-05 9.9973E-05 0.0668902 0.444383 0.260265 0.0294728
9.9973E-05 0.694015 0.0188545 0.0820123 0.192122 9.9973E-05 9.9973E-05 0.0126959
0.317602 9.9982E-05 9.9982E-05 0.490689 0.0826307 0.0783231 0.00780097 0.0227538
0.208195 0.0407841 0.0912342 0.156636 9.9973E-05 9.9973E-05 9.9973E-05 0.502851
0.815223 0.0544555 9.9955E-05 9.9955E-05 9.9955E-05 9.9955E-05 9.9955E-05 0.129822
9.9955E-05 0.369766 9.9955E-05 9.9955E-05 9.9955E-05 9.9955E-05 0.13689 0.492844
9.9964E-05 0.38548 9.9964E-05 9.9964E-05 0.286786 0.227433 0.0999014 9.9964E-05
0.388101 9.9955E-05 9.9955E-05 9.9955E-05 9.9955E-05 0.301043 0.310356 9.9955E-05
9.9973E-05 9.9973E-05 0.112758 9.9973E-05 0.460502 0.193953 0.0205857 0.211902
9.9973E-05 9.9973E-05 0.206353 0.268816 0.0374282 9.9973E-05 0.0545417 0.432561
9.9973E-05 0.19745 0.0063432 0.124377 0.431985 9.9973E-05 0.239545 9.9973E-05
0.288366 0.377855 9.9964E-05 9.9964E-05 9.9964E-05 0.138609 0.19477 9.9964E-05
0.164192 9.9955E-05 9.9955E-05 9.9955E-05 0.65078 0.184529 9.9955E-05 9.9955E-05
0.345722 9.9964E-05 0.214214 0.400393 9.9964E-05 0.0392712 9.9964E-05 9.9964E-05
9.9955E-05 9.9955E-05 0.138699 9.9955E-05 0.492249 9.9955E-05 9.9955E-05 0.368552
9.9964E-05 0.0293899 9.9964E-05 9.9964E-05 0.332644 0.572586 0.0649805 9.9964E-05
0.0739111 0.355332 0.0928217 9.9982E-05 0.1137 0.0898374 9.9982E-05 0.274198
9.9973E-05 0.0152822 0.0856538 0.524735 0.336675 9.9973E-05 0.0373541 9.9973E-05
0.497381 9.9964E-05 0.058933 9.9964E-05 9.9964E-05 0.327465 0.115821 9.9964E-05
9.9964E-05 0.3043 0.201813 9.9964E-05 9.9964E-05 9.9964E-05 0.196641 0.296846
0.434855 9.9973E-05 0.0639607 0.0569732 9.9973E-05 9.9973E-05 0.124209 0.319702
9.9964E-05 0.294777 9.9964E-05 0.0397508 0.162258 9.9964E-05 9.9964E-05 0.502815
0.116336 0.248385 9.9982E-05 9.9982E-05 0.212617 0.14345 0.0279764 0.251036
0.302413 9.9955E-05 9.9955E-05 9.9955E-05 0.111243 9.9955E-05 0.585844 9.9955E-05
9.9964E-05 9.9964E-05 0.203721 9.9964E-05 0.182589 0.359868 9.9964E-05 0.253423
9.9964E-05 9.9964E-05 9.9964E-05 0.0747048 0.279667 0.114588 9.9964E-05 0.530641
0.111875 0.0671363 0.120461 9.9982E-05 0.0783642 0.451314 0.170649 9.9982E-05
0.182802 0.302844 9.9973E-05 9.9973E-05 9.9973E-05 0.0906764 0.336504 0.0868736
9.9973E-05 0.404806 0.183056 0.124091 9.9973E-05 0.18376 0.103987 9.9973E-05
9.9964E-05 9.9964E-05 0.656341 0.172638 9.9964E-05 0.122416 9.9964E-05 0.0482048
9.9973E-05 0.221543 0.0143426 9.9973E-05 0.0526317 0.307568 9.9973E-05 0.403615
0.0573158 9.9973E-05 9.9973E-05 0.251457 9.9973E-05 0.29755 0.117153 0.276224
9.9955E-05 9.9955E-05 9.9955E-05 9.9955E-05 0.0252672 0.272534 0.701699 9.9955E-05
0.174237 9.9982E-05 0.0537292 0.375768 0.0223057 9.9982E-05 0.199029 0.174731
9.996E-05 0.0684941 0.502547 9.996E-05 9.996E-05 0.281348 0.147212 9.996E-05
0.111989 9.9964E-05 0.422164 0.312348 9.9964E-05 0.153099 9.9964E-05 9.9964E-05
0.00554461 9.9964E-05 0.482225 0.344934 0.166897 9.9964E-05 9.9964E-05 9.9964E-05
9.99461E-05 9.99461E-05 9.99461E-05 0.667444 9.99461E-05 9.99461E-05 0.331956 9.99461E-05
0.0889176 9.9973E-05 9.9973E-05 0.36346 9.9973E-05 0.25781 0.00333123 0.286181
9.9955E-05 0.182435 9.9955E-05 0.269838 9.9955E-05 9.9955E-05 9.9955E-05 0.547227
0.00993386 0.241245 9.9964E-05 0.400009 9.9964E-05 9.9964E-05 0.348411 9.9964E-05
0.131148 0.34453 0.0194075 9.9982E-05 9.9982E-05 0.045249 0.102409 0.357056
0.49481 9.9955E-05 0.432133 9.9955E-05 9.9955E-05 0.0725581 9.9955E-05 9.9955E-05
0.0644092 0.0201998 0.128861 0.434199 9.9973E-05 9.9973E-05 0.352031 9.9973E-05
9.9982E-05 0.243592 9.9982E-05 0.105271 0.273137 0.0267827 0.126992 0.224025
9.9964E-05 0.596648 9.9964E-05 9.9964E-05 9.9964E-05 0.154885 0.176803 0.0712646
9.9955E-05 9.9955E-05 0.383952 9.9955E-05 9.9955E-05 9.9955E-05 0.434962 0.180587
0.0195929 0.0609411 9.9973E-05 9.9973E-05 9.9973E-05 0.288443 0.306335 0.324388
0.0855215 9.9973E-05 0.0903355 9.9973E-05 0.210513 0.289754 0.323576 9.9973E-05
9.9964E-05 9.9964E-05 0.484734 0.217011 0.264311 9.9964E-05 9.9964E-05 0.0335434
0.336929 0.15137 9.9991E-05 0.168012 0.0565442 0.155192 0.00916829 0.122685
0.13042 0.214688 9.997E-05 0.371301 9.997E-05 0.191542 9.997E-05 0.0917482
0.271412 0.111507 0.0764377 0.110826 0.429518 9.9973E-05 9.9973E-05 9.9973E-05
0.141909 0.0352227 9.9973E-05 0.180337 0.460803 9.9973E-05 9.9973E-05 0.181428
0.549395 9.9964E-05 0.203565 9.9964E-05 0.201735 0.0449063 9.9964E-05 9.9964E-05
9.9964E-05 9.9964E-05 9.9964E-05 0.214034 9.9964E-05 0.065413 0.463876 0.256278
0.0634484 0.00895354 0.5073 0.0948139 0.112382 9.998E-05 0.212902 9.998E-05
0.141703 0.018856 9.9973E-05 0.0423412 0.266591 9.9973E-05 9.9973E-05 0.530209
9.9955E-05 0.724368 9.9955E-05 9.9955E-05 0.159863 0.11527 9.9955E-05 9.9955E-05
0.167929 0.275966 9.996E-05 9.996E-05 9.996E-05 0.45732 0.0983855 9.996E-05
9.9973E-05 0.0271928 0.425045 9.9973E-05 0.214347 0.300263 0.0328511 9.9973E-05
0.0933051 0.167176 9.9982E-05 9.9982E-05 0.43571 0.0600055 0.0787082 0.164895
9.996E-05 0.0942327 0.417273 9.996E-05 0.207096 9.996E-05 0.280999 9.996E-05
0.222121 0.0404564 0.386271 9.9982E-05 0.0464347 0.298716 0.00580146 9.9982E-05
0.0982318 0.251946 0.179889 9.9973E-05 9.9973E-05 0.463226 0.00640733 9.9973E-05
0.0710734 0.0322762 0.410019 0.205226 9.9973E-05 9.9973E-05 9.9973E-05 0.281106
9.9973E-05 0.00435222 0.496238 0.0481594 0.33879 9.9973E-05 9.9973E-05 0.11216
0.0373442 0.23917 0.246522 0.00139286 0.384309 9.9982E-05 9.9982E-05 0.091062
0.336547 0.0281016 0.0343841 9.9973E-05 0.483776 9.9973E-05 0.116891 9.9973E-05
0.187372 9.9973E-05 0.481443 0.0314133 0.220442 9.9973E-05 9.9973E-05 0.0790296
0.184651 0.605471 9.996E-05 0.0447715 0.164707 9.996E-05 9.996E-05 9.996E-05
9.9973E-05 0.0129073 0.397237 0.245607 9.9973E-05 9.9973E-05 0.153765 0.190183
0.0923423 9.9973E-05 0.168385 0.597557 0.0265501 0.114865 9.9973E-05 9.9973E-05
0.0348555 0.425525 0.122524 0.227099 0.00505901 9.999E-05 0.0220759 0.162762
9.9964E-05 9.9964E-05 9.9964E-05 0.378522 9.9964E-05 0.143623 0.458319 0.0191362
0.199245 0.044039 0.0417614 9.9982E-05 0.259387 9.9982E-05 0.0497339 0.405633
9.9973E-05 0.357663 0.0125454 0.195196 0.0980903 9.9973E-05 0.336205 9.9973E-05
0.0266918 0.242854 9.9964E-05 0.296268 0.433786 9.9964E-05 9.9964E-05 9.9964E-05
9.9964E-05 0.320598 9.9964E-05 0.0521529 9.9964E-05 9.9964E-05 0.157524 0.469326
0.0395057 0.435263 0.0743829 0.0358665 0.233797 0.180984 9.9982E-05 9.9982E-05
9.9964E-05 0.348103 9.9964E-05 0.187134 9.9964E-05 9.9964E-05 0.0706584 0.393705
0.313899 9.9964E-05 9.9964E-05 0.342367 9.9964E-05 0.241886 0.101448 9.9964E-05
0.0338757 9.9955E-05 9.9955E-05 9.9955E-05 9.9955E-05 9.9955E-05 0.225752 0.739873
0.0579341 9.9964E-05 0.376744 9.9964E-05 9.9964E-05 0.182156 9.9964E-05 0.382767
0.34315 9.9973E-05 0.0345851 0.154307 0.449829 0.0178289 9.9973E-05 9.9973E-05
9.9964E-05 0.20961 9.9964E-05 0.49162 9.9964E-05 0.136304 0.162066 9.9964E-05
9.9964E-05 9.9964E-05 0.106251 9.9964E-05 9.9964E-05 0.0957436 0.584492 0.213113
9.9973E-05 9.9973E-05 0.0750533 9.9973E-05 0.362669 0.114213 0.0191556 0.428609
0.218314 9.9973E-05 9.9973E-05 0.154539 9.9973E-05 0.355631 0.174701 0.0965154
0.532829 9.9964E-05 0.253324 9.9964E-05 9.9964E-05 0.121491 0.0919559 9.9964E-05
9.9955E-05 0.479574 9.9955E-05 9.9955E-05 9.9955E-05 9.9955E-05 0.288528 0.231398
0.488715 0.274371 9.9973E-05 9.9973E-05 0.0462799 0.100623 0.0897114 9.9973E-05
0.334527 0.50465 0.160324 9.9955E-05 9.9955E-05 9.9955E-05 9.9955E-05 9.9955E-05
0.543191 9.9964E-05 9.9964E-05 9.9964E-05 0.18607 9.9964E-05 0.0930959 0.177243
0.158747 0.115716 9.9982E-05 0.152943 0.0634552 0.147882 0.361057 9.9982E-05
0.338915 9.9964E-05 9.9964E-05 0.486039 0.105619 9.9964E-05 0.0690282 9.9964E-05
0.257943 0.117083 0.065441 0.370846 9.9982E-05 0.141851 0.0466361 9.9982E-05
9.9946E-05 9.9946E-05 9.9946E-05 9.9946E-05 0.306627 0.692774 9.9946E-05 9.9946E-05
0.143901 9.9964E-05 9.9964E-05 0.04073 0.529235 9.9964E-05 9.9964E-05 0.285734
9.9964E-05 9.9964E-05 0.263187 0.556006 9.9964E-05 0.174097 9.9964E-05 0.00631021
0.0494886 0.310979 9.9964E-05 0.19289 9.9964E-05 0.446242 9.9964E-05 9.9964E-05
9.9964E-05 9.9964E-05 9.9964E-05 0.237667 0.216785 0.388461 9.9964E-05 0.156687
9.9964E-05 0.544745 9.9964E-05 9.9964E-05 0.141055 9.9964E-05 0.154974 0.158826
9.9964E-05 0.453946 0.12242 9.9964E-05 0.262977 9.9964E-05 0.160257 9.9964E-05
0.0952133 0.0236066 0.231556 0.0214713 0.16448 0.0250519 0.0752514 0.363369
9.998E-05 0.150025 0.206275 0.111011 0.374921 0.0362275 0.121341 9.998E-05
0.364337 9.9955E-05 0.298596 0.336567 9.9955E-05 9.9955E-05 9.9955E-05 9.9955E-05
0.769076 9.9955E-05 9.9955E-05 9.9955E-05 9.9955E-05 0.0845373 0.145887 9.9955E-05
9.9964E-05 0.0459293 0.397507 0.279953 9.9964E-05 0.276211 9.9964E-05 9.9964E-05
0.421871 0.179984 0.0490029 0.109067 0.0635062 9.9982E-05 9.9982E-05 0.176369
0.502106 0.43023 0.0671643 9.9955E-05 9.9955E-05 9.9955E-05 9.9955E-05 9.9955E-05
9.9973E-05 0.0210389 9.9973E-05 0.37332 0.343317 0.184845 0.077179 9.9973E-05
0.270911 9.9964E-05 9.9964E-05 9.9964E-05 9.9964E-05 0.505243 0.196997 0.026449
9.997E-05 0.117907 0.194189 0.229672 0.235083 9.997E-05 0.222849 9.997E-05
9.9955E-05 0.110902 0.443267 9.9955E-05 0.445331 9.9955E-05 9.9955E-05 9.9955E-05
0.367489 9.9973E-05 0.0227008 0.236715 9.9973E-05 0.0224901 0.350305 9.9973E-05
0.144407 0.0668041 0.237769 9.9991E-05 0.333329 0.0843789 0.0412884 0.0919236
0.0132162 0.0976957 0.371667 0.27642 9.9982E-05 0.125111 9.9982E-05 0.11569
0.193995 0.272913 0.224513 9.9964E-05 9.9964E-05 0.30818 9.9964E-05 9.9964E-05
0.182451 0.398294 0.103325 0.173237 9.9982E-05 9.9982E-05 0.13546 0.0070331
9.9973E-05 0.0904455 0.0075065 0.19657 9.9973E-05 9.9973E-05 0.658502 0.0466764
0.175517 0.268171 0.272245 0.00871536 0.00809233 0.20558 0.0615792 9.9991E-05
0.037881 9.9955E-05 9.9955E-05 9.9955E-05 9.9955E-05 0.529125 9.9955E-05 0.432495
0.0407368 0.278437 9.996E-05 0.575292 9.996E-05 0.105134 9.996E-05 9.996E-05
9.9964E-05 9.9964E-05 9.9964E-05 0.211095 9.9964E-05 0.288037 0.397425 0.103043
0.00749204 0.21526 9.9964E-05 0.643186 0.133663 9.9964E-05 9.9964E-05 9.9964E-05
0.115573 0.0204788 0.0593091 9.9982E-05 0.0160284 0.0027043 9.9982E-05 0.785707
9.9955E-05 9.9955E-05 9.9955E-05 0.106161 9.9955E-05 0.445576 9.9955E-05 0.447764
0.351803 0.0570627 9.9982E-05 0.0445815 0.165093 0.0641779 0.317082 9.9982E-05
9.9964E-05 0.285083 0.357162 0.0456358 9.9964E-05 0.311719 9.9964E-05 9.9964E-05
0.0827729 0.276495 9.9964E-05 9.9964E-05 9.9964E-05 0.443364 9.9964E-05 0.196969
0.363702 0.0597187 0.204875 0.0860304 0.248799 9.9982E-05 9.9982E-05 0.0366744
0.239984 0.0948749 0.151356 0.209071 0.0932515 0.21069 0.000672087 9.9991E-05
9.9955E-05 0.574578 9.9955E-05 9.9955E-05 0.161494 9.9955E-05 0.263428 9.9955E-05
9.9955E-05 9.9955E-05 0.10909 9.9955E-05 9.9955E-05 0.242432 9.9955E-05 0.647978
0.0598575 0.389131 0.235713 0.04691 9.9982E-05 0.235242 9.9982E-05 0.0329468
9.9964E-05 0.207126 9.9964E-05 9.9964E-05 0.550337 9.9964E-05 0.0390005 0.203136
0.534355 9.9964E-05 9.9964E-05 0.0208987 0.220383 9.9964E-05 0.223964 9.9964E-05
9.9964E-05 9.9964E-05 0.461547 0.347378 0.159139 0.0315359 9.9964E-05 9.9964E-05
9.9964E-05 0.166977 9.9964E-05 0.183306 0.626898 9.9964E-05 0.0224191 9.9964E-05
0.0442239 0.134786 9.9973E-05 9.9973E-05 0.685973 9.9973E-05 0.0715495 0.0631673
9.9964E-05 0.184599 9.9964E-05 0.214328 9.9964E-05 0.39947 9.9964E-05 0.201202
9.9955E-05 9.9955E-05 9.9955E-05 9.9955E-05 9.9955E-05 0.475773 0.314512 0.209215
0.490282 9.9964E-05 9.9964E-05 0.130438 0.221969 9.9964E-05 9.9964E-05 0.156911
0.132211 0.109018 9.9973E-05 0.137442 9.9973E-05 0.305629 0.3154 9.9973E-05
0.295773 9.9955E-05 9.9955E-05 9.9955E-05 9.9955E-05 9.9955E-05 0.0935515 0.610176
0.368437 0.0493518 0.0528376 9.999E-05 0.0498953 0.261338 0.125096 0.0929441
0.441999 0.403194 9.9964E-05 0.0116161 9.9964E-05 9.9964E-05 9.9964E-05 0.142791
