0.426827 0.0855409 9.9973E-05 9.9973E-05 0.380756 0.106576 9.9973E-05
9.9982E-05 0.368711 0.248304 0.00281945 0.189122 9.9982E-05 0.190844
0.362563 9.9973E-05 0.0372137 9.9973E-05 0.0321716 0.567752 9.9973E-05
0.240499 0.197527 0.173856 9.9982E-05 9.9982E-05 0.241075 0.146844
0.100697 9.9973E-05 0.564729 9.9973E-05 9.9973E-05 0.0232534 0.31102
9.9973E-05 0.0613167 0.243477 9.9973E-05 0.406655 0.288252 9.9973E-05
0.127681 0.0076557 0.430299 0.229953 9.9982E-05 0.204211 9.9982E-05
0.0235199 0.375198 0.12257 0.207881 0.138289 0.0742847 0.0582576
0.35667 0.304922 9.9973E-05 0.270026 9.9973E-05 0.0680825 9.9973E-05
0.384364 9.9973E-05 0.00256151 0.417032 0.195742 9.9973E-05 9.9973E-05
0.0923617 9.9964E-05 9.9964E-05 0.0489142 9.9964E-05 9.9964E-05 0.858324
0.162295 0.194915 0.254793 9.9982E-05 0.164895 0.222902 9.9982E-05
0.154028 9.9973E-05 9.9973E-05 9.9973E-05 0.374294 0.124497 0.346881
9.9964E-05 0.571657 0.0353835 9.9964E-05 9.9964E-05 0.39256 9.9964E-05
0.245065 9.9964E-05 9.9964E-05 9.9964E-05 9.9964E-05 0.140208 0.614328
0.348366 0.174302 9.9982E-05 0.126106 9.9982E-05 0.0318598 0.319166
9.9982E-05 0.118442 0.571268 0.119814 9.9982E-05 0.142055 0.0482225
9.9964E-05 9.9964E-05 0.789201 0.109112 9.9964E-05 9.9964E-05 0.101287
0.418894 9.9973E-05 0.24294 0.192642 9.9973E-05 0.145223 9.9973E-05
9.9973E-05 0.0721685 0.267125 0.375371 9.9973E-05 0.285036 9.9973E-05
0.380145 9.9964E-05 9.9964E-05 9.9964E-05 0.598418 0.0210379 9.9964E-05
0.395947 0.368386 9.9973E-05 0.167259 9.9973E-05 0.0681082 9.9973E-05
0.269367 0.32764 9.9973E-05 9.9973E-05 0.121022 9.9973E-05 0.281671
0.593701 0.0797221 9.9982E-05 0.227414 9.9982E-05 0.0141548 0.084808
0.107235 0.385126 0.123193 9.9991E-05 0.293992 0.000466145 0.0898882
0.302291 0.16151 0.349317 0.094331 9.9982E-05 9.9982E-05 0.0923511
0.128813 0.226381 9.99784E-05 0.393747 9.99784E-05 0.250759 9.99784E-05
0.0216499 0.50707 0.0457371 9.9991E-05 0.028753 0.0731499 0.32354
0.400626 9.9973E-05 0.119968 9.9973E-05 0.288207 0.190899 9.9973E-05
0.225217 9.9964E-05 9.9964E-05 9.9964E-05 0.332835 0.441548 9.9964E-05
0.303685 0.0764106 0.211586 9.9982E-05 0.309583 9.9982E-05 0.0985359
0.0816705 9.9964E-05 0.432085 0.485844 9.9964E-05 9.9964E-05 9.9964E-05
9.9973E-05 0.363652 9.9973E-05 9.9973E-05 0.0467575 0.417013 0.172278
0.199264 9.9973E-05 9.9973E-05 0.361157 0.312395 9.9973E-05 0.126884
0.305729 0.181773 9.9982E-05 0.0791552 0.106837 9.9982E-05 0.326306
9.9955E-05 0.189194 9.9955E-05 9.9955E-05 9.9955E-05 0.810306 9.9955E-05
9.9973E-05 9.9973E-05 0.0401487 0.0546653 9.9973E-05 0.290031 0.614855
0.0346604 0.0143033 9.9982E-05 0.350053 9.9982E-05 0.358993 0.24179
9.9982E-05 0.38006 9.9982E-05 0.221997 0.305213 0.0177676 0.0747631
0.257429 0.23703 9.9973E-05 0.303134 9.9973E-05 0.202107 9.9973E-05
0.223949 0.0886823 0.0176074 0.374623 0.0993542 0.166576 0.0292079
9.9973E-05 0.186991 0.465934 0.0894848 0.257291 9.9973E-05 9.9973E-05
0.386942 9.9973E-05 9.9973E-05 0.0270609 0.295215 9.9973E-05 0.290482
9.9982E-05 0.291364 0.119908 0.048885 9.9982E-05 0.109549 0.430093
0.290819 0.198678 9.9982E-05 0.260933 9.9982E-05 0.135794 0.113576
0.209957 0.183104 0.275076 0.193423 9.9982E-05 0.13824 9.9982E-05
9.9964E-05 0.712941 0.189209 0.0974496 9.9964E-05 9.9964E-05 9.9964E-05
9.9964E-05 9.9964E-05 0.514134 0.448502 9.9964E-05 9.9964E-05 0.0369647
9.9982E-05 0.13138 0.237013 9.9982E-05 0.264717 0.250627 0.116063
0.218963 0.0933723 0.0839673 0.250621 9.9991E-05 0.176686 0.17629
0.475446 0.27314 0.145151 9.9973E-05 9.9973E-05 9.9973E-05 0.105963
9.9982E-05 0.455335 0.0129622 9.9982E-05 0.0808154 0.0804725 0.370215
0.144105 0.131073 0.158099 9.9991E-05 0.129908 0.167935 0.26878
9.9964E-05 9.9964E-05 9.9964E-05 0.334841 0.468303 0.196456 9.9964E-05
0.520143 9.9982E-05 9.9982E-05 0.0585362 0.00324569 0.0676785 0.350197
0.719677 0.0225244 9.9982E-05 0.0727767 0.0484776 0.136344 9.9982E-05
9.9973E-05 0.477473 9.9973E-05 9.9973E-05 0.0559212 0.388624 0.0776822
0.402333 0.400158 9.9982E-05 0.0774461 9.9982E-05 0.0366333 0.08323
0.435747 0.383575 9.9973E-05 0.0613463 0.119031 9.9973E-05 9.9973E-05
0.0659514 0.0276982 0.425559 9.9973E-05 9.9973E-05 0.480491 9.9973E-05
0.0943088 0.437612 9.9973E-05 0.250346 0.217433 9.9973E-05 9.9973E-05
0.195698 0.256164 9.9991E-05 0.082677 0.219662 0.158697 0.0870027
0.146898 9.9964E-05 0.298463 0.55424 9.9964E-05 9.9964E-05 9.9964E-05
0.0179042 9.9982E-05 0.0313129 0.0399371 0.16596 0.744685 9.9982E-05
0.104093 0.213368 0.291921 9.9973E-05 9.9973E-05 0.390319 9.9973E-05
9.9973E-05 0.110905 0.553053 9.9973E-05 0.25707 9.9973E-05 0.0786728
0.043436 9.9973E-05 9.9973E-05 9.9973E-05 0.358288 0.0114286 0.586547
9.9964E-05 0.357453 0.165333 9.9964E-05 9.9964E-05 9.9964E-05 0.476815
9.9982E-05 0.000477999 0.0521831 0.48031 0.299355 9.9982E-05 0.167474
9.9973E-05 0.0498829 9.9973E-05 0.204147 0.631799 0.113872 9.9973E-05
0.00571275 0.0204166 9.9982E-05 0.234843 9.9982E-05 0.585295 0.153533
9.9955E-05 9.9955E-05 0.382863 9.9955E-05 0.616638 9.9955E-05 9.9955E-05
9.9964E-05 0.37567 9.9964E-05 9.9964E-05 0.231494 0.392436 9.9964E-05
0.0397462 0.254812 0.456175 0.129878 9.9982E-05 9.9982E-05 0.119188
9.9973E-05 9.9973E-05 9.9973E-05 0.113471 0.117707 0.335651 0.432872
0.0126758 0.201704 9.9991E-05 0.358878 0.0571678 0.0126582 0.356817
0.0815218 0.295177 9.9982E-05 9.9982E-05 0.141067 0.0848989 0.397135
0.235275 0.1337 9.9973E-05 9.9973E-05 0.374781 0.255944 9.9973E-05
0.0261845 0.288691 0.114766 0.379038 0.0764782 0.087901 0.0269411
0.417282 9.9964E-05 9.9964E-05 0.425584 9.9964E-05 9.9964E-05 0.156734
0.460641 9.9973E-05 0.262753 9.9973E-05 0.164632 9.9973E-05 0.111674
9.9973E-05 9.9973E-05 9.9973E-05 0.505995 0.0183391 0.2051 0.270265
0.221049 0.241548 0.293589 0.128104 9.9982E-05 9.9982E-05 0.11551
0.0701987 0.220655 0.191903 0.190979 0.0450143 9.9991E-05 0.28115
0.144617 9.9973E-05 9.9973E-05 0.236676 9.9973E-05 0.376892 0.241516
0.709146 0.0459375 9.9973E-05 0.0322917 0.212325 9.9973E-05 9.9973E-05
0.262122 0.258586 9.9964E-05 9.9964E-05 0.478893 9.9964E-05 9.9964E-05
0.00148291 0.392096 0.10223 9.9982E-05 0.45476 9.9982E-05 0.049231
0.202498 0.100313 9.9982E-05 0.366263 9.9982E-05 0.116377 0.214349
0.142155 9.9982E-05 0.098644 0.410553 9.9982E-05 0.0878108 0.260637
9.9973E-05 9.9973E-05 0.127931 0.537456 0.208491 0.125823 9.9973E-05
0.294858 0.0320769 0.216822 0.280584 0.147032 9.9991E-05 0.0285275
0.662048 0.129034 0.0996112 0.109007 9.9973E-05 9.9973E-05 9.9973E-05
0.215268 0.00945133 0.216078 0.429443 0.0522146 0.0774456 9.9991E-05
0.0776475 0.202045 0.214168 0.210613 9.9991E-05 0.289229 0.00619775
0.331833 0.0801963 9.9964E-05 9.9964E-05 0.587571 9.9964E-05 9.9964E-05
9.9973E-05 0.0347353 9.9973E-05 0.583726 0.24674 0.134499 9.9973E-05
0.31252 9.9973E-05 0.192674 9.9973E-05 0.368521 9.9973E-05 0.125986
0.044195 0.0990849 9.9973E-05 0.17761 0.678811 9.9973E-05 9.9973E-05
9.9991E-05 0.0959446 0.0406503 0.427973 0.111368 0.200387 0.123577
0.274946 9.9973E-05 9.9973E-05 0.20138 0.205639 0.317735 9.9973E-05
0.126902 0.155992 0.303011 0.070079 0.232573 9.9991E-05 0.111343
0.0757176 0.238481 0.48641 0.0612055 0.0332845 9.9991E-05 0.104801
9.9973E-05 9.9973E-05 0.105956 9.9973E-05 0.367078 0.0648616 0.461805
0.112855 0.707295 9.9973E-05 9.9973E-05 9.9973E-05 0.0241143 0.155436
0.0526284 9.9982E-05 9.9982E-05 0.157574 0.218348 0.224042 0.347207
0.316132 0.179908 0.224744 9.9973E-05 9.9973E-05 0.278916 9.9973E-05
0.011195 0.0166851 0.349768 9.9982E-05 0.619005 0.00314673 9.9982E-05
0.061028 9.9991E-05 0.296656 0.18624 0.163348 0.290493 0.00213442
0.48288 9.9964E-05 9.9964E-05 0.332092 9.9964E-05 0.184628 9.9964E-05
0.175077 0.259476 9.9991E-05 0.359481 0.0410536 0.0590061 0.105807
9.9964E-05 9.9964E-05 9.9964E-05 0.464054 0.284669 0.250878 9.9964E-05
0.275013 9.9982E-05 0.0536844 9.9982E-05 0.172988 0.443706 0.0544083
9.9973E-05 9.9973E-05 0.105452 9.9973E-05 0.327519 0.399473 0.167256
0.278874 0.233447 0.296804 0.190574 9.9973E-05 9.9973E-05 9.9973E-05
9.9964E-05 0.324097 9.9964E-05 9.9964E-05 9.9964E-05 0.47998 0.195523
0.271865 0.195904 0.29476 0.237171 9.9973E-05 9.9973E-05 9.9973E-05
0.0154533 9.9973E-05 0.552906 0.192055 9.9973E-05 9.9973E-05 0.239286
0.189896 0.00740076 0.152829 0.228157 0.249345 9.9991E-05 0.172272
9.9982E-05 0.333558 0.187934 9.9982E-05 0.206078 0.153066 0.119164
0.500608 0.0941039 0.0350431 0.255491 9.9982E-05 0.114555 9.9982E-05
9.9973E-05 9.9973E-05 0.107384 9.9973E-05 0.595666 0.0114843 0.285166
9.9982E-05 0.427225 0.110285 9.9982E-05 0.151393 0.264973 0.045924
0.191159 9.9982E-05 0.278612 0.033599 0.373009 0.123421 9.9982E-05
0.12905 0.489821 0.0364638 0.214253 0.130211 9.9982E-05 9.9982E-05
0.349458 9.9982E-05 0.0909063 9.9982E-05 0.302176 0.226931 0.0303289
9.9973E-05 0.0318195 0.0458219 0.46207 9.9973E-05 9.9973E-05 0.459988
0.0469384 0.524273 9.9973E-05 0.401991 9.9973E-05 0.0264975 9.9973E-05
9.9982E-05 0.156197 0.090733 0.0898517 0.0716467 9.9982E-05 0.591372
9.9982E-05 0.0823465 0.647136 0.0273865 0.13949 0.103442 9.9982E-05
9.9982E-05 9.9982E-05 0.348547 0.172668 0.00394716 0.385672 0.0889661
9.9964E-05 9.9964E-05 9.9964E-05 0.673469 0.0241176 0.302013 9.9964E-05
0.0113688 0.165793 9.9982E-05 0.600227 0.154381 9.9982E-05 0.06803
0.146625 0.339979 0.0484717 0.215953 0.138712 0.11016 9.9991E-05
0.0518458 0.14535 0.337237 0.225311 0.240057 9.9982E-05 9.9982E-05
0.575678 0.0748369 0.0164098 9.9991E-05 0.0999427 0.157368 0.0756642
0.242228 9.9982E-05 0.0271418 9.9982E-05 0.234697 0.0232917 0.472441
9.9982E-05 0.176748 0.164257 0.0309909 9.9982E-05 0.152584 0.475219
0.111558 0.344114 0.104321 0.104152 0.0461624 0.253385 0.0363081
0.0184101 0.494269 0.38494 9.9982E-05 0.0135117 0.0886686 9.9982E-05
9.9982E-05 0.304029 0.00783971 0.124555 9.9982E-05 0.0160262 0.547351
9.9973E-05 0.062409 9.9973E-05 9.9973E-05 0.306502 0.277447 0.353342
9.9964E-05 0.157822 9.9964E-05 9.9964E-05 0.53052 9.9964E-05 0.311259
0.0177961 0.0794442 0.323126 0.069763 0.509671 9.9982E-05 9.9982E-05
0.108893 0.333213 0.225584 0.200978 0.0131231 0.074972 0.043236
0.156269 0.0759634 9.9991E-05 0.0109988 0.226015 0.210221 0.320434
0.0934347 0.395057 0.0367524 9.9982E-05 0.0485775 0.425978 9.9982E-05
0.00796095 9.9973E-05 0.316605 0.393526 0.281607 9.9973E-05 9.9973E-05
0.0838263 9.9973E-05 9.9973E-05 0.259878 0.512644 9.9973E-05 0.143352
9.9982E-05 0.0245787 0.25406 0.245323 0.291444 0.184393 9.9982E-05
0.335316 0.0366609 0.279238 0.090044 0.0188343 9.9991E-05 0.239806
0.1542 0.230897 9.9991E-05 0.188856 0.15689 0.258589 0.0104677
0.144569 9.9973E-05 0.204972 0.10647 9.9973E-05 0.543689 9.9973E-05
9.9982E-05 0.348118 0.223382 0.0136775 0.0813617 9.9982E-05 0.333261
0.273707 0.189457 0.212263 0.000271506 9.9991E-05 0.119012 0.205189
0.244578 0.232346 9.9991E-05 0.073925 0.0138345 0.415795 0.0194208
0.347136 0.0946016 0.0857502 9.9982E-05 9.9982E-05 0.0320451 0.440268
0.0804006 0.0506516 0.145661 0.156479 0.435113 0.131595 9.9991E-05
0.632318 9.9982E-05 0.0330446 0.000263981 0.269582 9.9982E-05 0.0645916
0.129835 0.0411848 9.9982E-05 0.17225 9.9982E-05 0.648163 0.00836783
0.116547 9.9973E-05 0.650725 9.9973E-05 9.9973E-05 0.0967352 0.135692
9.9955E-05 9.9955E-05 0.822016 0.177484 9.9955E-05 9.9955E-05 9.9955E-05
9.9973E-05 9.9973E-05 0.200423 0.533904 0.145256 0.120118 9.9973E-05
0.444195 9.9982E-05 0.148662 0.245709 0.0413672 9.9982E-05 0.119867
0.307951 9.9964E-05 9.9964E-05 0.204617 0.487032 9.9964E-05 9.9964E-05
0.295354 0.0652877 0.147346 0.0491698 0.049187 9.9991E-05 0.393556
0.289931 9.9982E-05 0.566353 0.00641851 0.0526079 9.9982E-05 0.0844897
0.388276 0.144432 0.0553737 0.278891 0.132828 9.9982E-05 9.9982E-05
0.185081 0.158944 0.152504 0.33945 0.104441 9.9991E-05 0.0594798
0.118616 0.155 0.0255062 9.9991E-05 0.022223 0.253811 0.424744
0.368305 0.395174 9.9973E-05 9.9973E-05 0.000433106 9.9973E-05 0.235788
9.9964E-05 0.791686 0.0646071 9.9964E-05 9.9964E-05 0.143307 9.9964E-05
0.093649 9.9973E-05 0.2301 9.9973E-05 0.187337 9.9973E-05 0.488614
0.309655 9.9982E-05 0.000367178 0.107376 0.471789 9.9982E-05 0.110612
9.9973E-05 0.43551 9.9973E-05 0.155965 9.9973E-05 0.245802 0.162424
0.0578956 0.0339522 0.216778 0.150423 0.0988201 0.15466 0.287471
0.099719 0.466664 0.291559 9.9973E-05 0.141759 9.9973E-05 9.9973E-05
0.149237 9.9982E-05 0.110475 9.9982E-05 0.356585 0.349676 0.0338273
9.9964E-05 0.292269 9.9964E-05 9.9964E-05 0.510299 9.9964E-05 0.197032
0.0220567 0.0154262 0.296956 9.9982E-05 9.9982E-05 0.533602 0.13176
9.9982E-05 9.9982E-05 0.255808 0.0278587 0.454441 0.00166543 0.260027
9.9973E-05 0.0703594 0.418744 0.310056 9.9973E-05 0.200541 9.9973E-05
0.188822 9.9982E-05 0.0428549 0.00177808 0.509317 9.9982E-05 0.257029
9.9973E-05 0.479712 9.9973E-05 0.000268504 9.9973E-05 0.187242 0.332478
0.085233 9.9964E-05 9.9964E-05 0.300541 0.613826 9.9964E-05 9.9964E-05
0.142061 9.9982E-05 9.9982E-05 0.443912 0.10756 0.248107 0.0581603
0.17166 0.354809 9.9982E-05 0.0576879 9.9982E-05 0.375633 0.0400102
9.9973E-05 9.9973E-05 0.624206 9.9973E-05 0.129435 0.204485 0.0415749
9.9955E-05 9.9955E-05 9.9955E-05 0.453416 0.546085 9.9955E-05 9.9955E-05
0.156216 0.378169 9.9982E-05 0.329877 9.9982E-05 0.0516075 0.0839301
9.9964E-05 0.0477653 9.9964E-05 0.414555 9.9964E-05 0.53728 9.9964E-05
0.3026 0.18702 9.9982E-05 0.00958556 0.198681 9.9982E-05 0.301913
9.9964E-05 9.9964E-05 0.192469 0.202561 0.60457 9.9964E-05 9.9964E-05
0.285041 9.9973E-05 0.413272 9.9973E-05 0.0392823 0.262104 9.9973E-05
0.0822886 9.9991E-05 0.144302 0.0133407 0.161661 0.304597 0.293711
0.465851 0.0498339 0.0447515 0.0113582 9.9982E-05 0.428006 9.9982E-05
0.364202 9.9964E-05 0.471858 9.9964E-05 9.9964E-05 0.16354 9.9964E-05
9.9973E-05 0.602656 0.106068 9.9973E-05 0.115245 0.175731 9.9973E-05
9.9964E-05 9.9964E-05 0.518581 0.0562999 9.9964E-05 0.42472 9.9964E-05
0.171551 0.0893686 0.0245378 0.371979 9.9982E-05 9.9982E-05 0.342364
0.00275882 0.503929 0.148705 0.131894 0.150076 0.062538 9.9991E-05
0.274897 0.169637 9.9982E-05 0.255685 0.0634388 0.236142 9.9982E-05
9.9964E-05 0.242679 0.225199 9.9964E-05 9.9964E-05 9.9964E-05 0.531723
9.9973E-05 0.270572 0.39833 0.2338 9.9973E-05 0.0969977 9.9973E-05
0.345731 0.247747 0.33484 9.9973E-05 0.0713823 9.9973E-05 9.9973E-05
0.463186 9.9982E-05 0.138171 9.9982E-05 0.0614862 0.144906 0.192051
0.315862 0.0261286 9.9982E-05 0.199711 0.237903 0.220195 9.9982E-05
0.386639 0.00354774 9.9982E-05 0.104414 9.9982E-05 0.2915 0.2137
9.9973E-05 0.237029 9.9973E-05 0.0479347 9.9973E-05 0.656278 0.0584585
0.00617792 0.188075 0.529153 9.9973E-05 9.9973E-05 0.276294 9.9973E-05
9.9964E-05 0.106332 9.9964E-05 0.556564 9.9964E-05 0.336704 9.9964E-05
0.209195 0.368005 0.303854 9.9982E-05 9.9982E-05 0.0120014 0.106744
9.9973E-05 9.9973E-05 9.9973E-05 0.000321581 0.283407 0.138369 0.577602
0.0443843 0.207213 9.9964E-05 9.9964E-05 9.9964E-05 9.9964E-05 0.748003
0.0643778 9.9982E-05 9.9982E-05 0.342998 0.0948242 0.256496 0.241104
0.00104986 0.241808 9.9982E-05 9.9982E-05 0.363113 0.112583 0.281246
9.9973E-05 0.241044 0.274848 0.11753 9.9973E-05 9.9973E-05 0.366279
0.0301826 9.9982E-05 0.137912 9.9982E-05 0.174865 0.647945 0.0088953
0.117772 0.495473 0.120535 0.217961 9.9982E-05 9.9982E-05 0.0480598
9.9973E-05 0.136962 9.9973E-05 0.416076 0.176644 0.270018 9.9973E-05
9.9982E-05 9.9982E-05 0.303152 0.253243 0.170653 0.228697 0.0440562
9.9964E-05 9.9964E-05 0.44315 9.9964E-05 0.382889 0.173561 9.9964E-05
9.9964E-05 0.390775 9.9964E-05 9.9964E-05 0.438279 0.170547 9.9964E-05
9.9973E-05 0.178328 9.9973E-05 0.0763905 0.168809 9.9973E-05 0.576173
0.154076 9.9973E-05 0.122672 0.483029 9.9973E-05 9.9973E-05 0.239923
9.9964E-05 9.9964E-05 0.337344 9.9964E-05 9.9964E-05 0.450643 0.211613
9.9982E-05 0.082931 0.0164773 0.575823 0.314189 0.0103796 9.9982E-05
0.236854 9.9964E-05 9.9964E-05 9.9964E-05 9.9964E-05 0.564082 0.198665
9.9982E-05 0.443216 0.13556 0.180445 0.179984 9.9982E-05 0.060595
9.9973E-05 0.192935 0.202699 0.575589 9.9973E-05 9.9973E-05 0.0284784
0.230274 0.409824 0.314593 9.9973E-05 9.9973E-05 9.9973E-05 0.0450097
9.9964E-05 9.9964E-05 9.9964E-05 0.318199 0.0999678 9.9964E-05 0.581434
0.124504 0.00862543 9.9973E-05 9.9973E-05 0.201925 9.9973E-05 0.664645
0.314736 0.0670745 0.265104 9.9982E-05 9.9982E-05 0.0766823 0.276203
0.409914 9.9982E-05 0.0932872 0.0394274 9.9982E-05 0.406937 0.0502346
0.489056 9.9973E-05 0.193336 9.9973E-05 0.262043 0.055266 9.9973E-05
0.000930889 9.9982E-05 0.113334 0.785869 0.0246431 9.9982E-05 0.075023
0.177956 0.00897363 0.344656 0.119415 0.066409 0.0765799 0.20601
0.225979 0.00334503 9.9991E-05 0.150984 0.260281 0.252085 0.107226
0.229023 0.237254 9.9991E-05 0.147338 0.123161 0.246727 0.0163978
0.16305 0.467994 0.00396549 9.9973E-05 9.9973E-05 9.9973E-05 0.364691
0.660486 0.213379 0.0898268 9.9973E-05 9.9973E-05 0.036008 9.9973E-05
0.389729 0.166131 0.194768 9.9973E-05 9.9973E-05 9.9973E-05 0.249073
9.9964E-05 0.243666 9.9964E-05 0.582249 9.9964E-05 9.9964E-05 0.173685
0.34647 9.9973E-05 9.9973E-05 0.294648 0.245977 9.9973E-05 0.112605
9.9982E-05 0.406928 0.0342721 0.158309 9.9982E-05 0.357786 0.0425053
0.306357 9.9973E-05 0.0196356 0.211158 9.9973E-05 0.46255 9.9973E-05
9.9964E-05 0.379972 0.36886 9.9964E-05 0.250768 9.9964E-05 9.9964E-05
0.235212 9.9982E-05 0.294795 0.248533 0.0952159 0.126045 9.9982E-05
9.9973E-05 9.9973E-05 0.148169 9.9973E-05 0.338015 0.454013 0.0595034
